0.000 9.440 7.037 0.754
1.000 10.674 7.412 0.265
2.000 12.422 8.010 0.000
3.000 14.063 9.104 0.331
4.000 14.781 10.347 0.691
5.000 16.075 11.871 0.732
6.000 16.814 13.728 0.808
7.000 18.030 14.721 1.126
8.000 19.169 14.933 1.126
9.000 20.789 15.558 0.842
10.000 22.526 16.515 0.583
11.000 24.463 17.009 0.663
12.000 25.464 18.460 1.069
13.000 27.153 19.441 1.499
14.000 29.017 20.164 1.558
15.000 30.235 21.740 1.735
16.000 31.235 23.472 1.709
17.000 32.560 24.279 1.454
18.000 33.580 25.149 1.594
19.000 33.917 26.680 1.322
20.000 34.768 28.489 1.367
21.000 35.301 29.842 1.163
22.000 36.795 31.117 0.991
23.000 37.803 32.225 1.066
24.000 38.366 32.743 0.717
25.000 39.513 33.086 0.822
26.000 41.157 33.501 0.982
27.000 41.988 33.614 0.944
28.000 43.645 33.025 0.531
29.000 44.947 31.846 0.017
30.000 46.431 30.517 0.000
31.000 48.221 29.626 0.041
32.000 49.458 28.063 0.000
33.000 50.243 26.735 0.000
34.000 50.723 24.898 0.000
35.000 51.953 23.360 0.350
36.000 52.667 22.469 0.246
37.000 53.391 21.440 0.000
38.000 54.131 20.108 0.467
39.000 53.924 19.239 1.412
40.000 53.098 19.119 2.642
41.000 52.861 18.863 3.856
42.000 53.618 18.029 4.661
43.000 53.570 17.293 5.917
44.000 53.278 17.178 7.251
45.000 52.676 16.764 8.220
46.000 51.941 15.523 9.096
47.000 50.618 14.456 9.671
48.000 48.977 13.439 10.194
49.000 47.563 12.255 10.968
50.000 46.144 11.031 11.666
51.000 44.513 10.000 12.192
52.000 43.089 9.705 12.266
53.000 41.773 9.754 11.907
54.000 41.116 10.031 11.788
55.000 40.015 10.381 11.588
56.000 38.033 10.455 11.331
57.000 36.055 10.268 11.104
58.000 34.086 10.371 10.772
59.000 32.132 9.954 10.872
60.000 30.505 9.686 11.403
