0.000 0.027 6.316 4.294
1.000 0.000 6.397 4.835
2.000 0.000 5.711 5.421
3.000 0.000 5.152 5.665
4.000 0.000 4.815 5.973
5.000 0.855 4.864 5.939
6.000 2.024 4.160 5.794
7.000 2.271 3.528 5.875
8.000 1.910 2.400 5.558
9.000 1.400 0.560 5.004
10.000 0.003 0.000 4.446
11.000 0.000 0.277 3.836
12.000 1.187 0.887 2.845
13.000 1.639 2.434 2.072
14.000 2.072 4.205 1.249
15.000 3.434 5.072 0.753
16.000 4.412 6.538 0.030
17.000 4.930 8.389 0.000
18.000 5.171 10.133 0.459
19.000 4.849 12.070 0.840
20.000 4.472 14.032 0.934
21.000 3.399 15.121 1.233
22.000 2.236 15.917 1.678
23.000 0.721 17.194 1.950
24.000 0.000 18.367 2.088
25.000 0.284 19.849 2.234
26.000 0.006 21.183 2.672
27.000 0.000 22.449 3.578
28.000 0.766 24.011 4.565
29.000 1.805 25.131 5.725
30.000 2.779 25.365 6.885
31.000 3.416 24.848 8.160
32.000 4.525 23.714 9.378
33.000 5.763 23.359 10.656
34.000 6.148 23.056 12.257
35.000 6.058 22.124 13.395
36.000 5.275 22.021 14.771
37.000 3.751 21.836 16.054
38.000 2.226 22.148 17.309
39.000 1.320 21.927 18.550
40.000 1.101 22.611 19.500
41.000 0.782 24.003 20.000
42.000 0.000 24.398 19.850
43.000 1.454 25.055 19.670
44.000 3.284 25.812 19.392
45.000 4.531 25.665 19.139
46.000 6.044 25.135 19.328
47.000 8.033 25.343 19.378
48.000 9.969 24.843 19.425
49.000 11.428 24.247 19.677
50.000 12.380 24.285 20.000
51.000 12.457 24.631 19.987
52.000 13.398 24.260 20.000
53.000 13.774 22.967 19.364
54.000 14.263 21.147 18.781
55.000 14.752 19.407 17.924
56.000 15.171 17.676 17.014
57.000 14.727 15.806 16.459
58.000 14.653 14.558 15.996
59.000 14.623 14.039 15.132
60.000 15.453 13.633 14.238
