0.000 4.508 6.760 4.819
1.000 4.831 6.062 4.708
2.000 5.383 5.993 4.531
3.000 5.311 5.849 4.193
4.000 5.165 6.248 3.644
5.000 5.495 5.877 2.844
6.000 5.503 5.182 2.327
7.000 5.609 4.558 2.235
8.000 6.518 4.330 2.151
9.000 7.139 4.121 2.223
10.000 6.939 3.701 1.851
11.000 6.600 3.612 0.987
12.000 5.508 3.076 0.104
13.000 4.144 2.106 0.000
14.000 2.678 1.139 0.956
15.000 1.183 0.794 2.061
16.000 0.123 0.835 3.074
17.000 0.000 1.331 4.208
18.000 0.040 1.657 4.967
19.000 0.000 2.199 5.380
20.000 0.000 3.721 5.438
21.000 0.427 4.717 5.339
22.000 0.385 5.825 5.298
23.000 0.000 7.189 4.921
24.000 0.220 8.215 4.466
25.000 0.000 9.098 4.429
26.000 0.000 9.292 4.632
27.000 0.000 9.566 4.549
28.000 0.398 9.918 4.813
29.000 1.752 10.665 4.781
30.000 3.102 10.873 4.338
31.000 4.076 11.716 4.053
32.000 4.183 12.336 3.365
33.000 3.586 13.310 2.990
34.000 2.524 13.841 2.956
35.000 0.878 14.896 2.536
36.000 0.000 15.975 2.225
37.000 1.103 17.124 1.772
38.000 1.267 17.475 1.370
39.000 2.332 17.038 1.215
40.000 4.049 16.150 0.704
41.000 5.524 14.833 0.398
42.000 7.499 14.529 0.479
43.000 9.437 14.059 0.330
44.000 11.197 13.138 0.562
45.000 13.172 12.831 0.639
46.000 15.019 12.931 0.341
47.000 16.950 12.829 0.000
48.000 18.854 12.328 0.350
49.000 20.552 11.286 0.526
50.000 22.402 10.913 0.597
51.000 24.103 10.613 0.711
52.000 26.071 10.262 0.751
53.000 28.067 10.173 0.844
54.000 30.006 10.016 1.309
55.000 31.524 9.544 1.514
56.000 32.224 9.306 1.579
57.000 33.910 9.718 1.943
58.000 35.706 10.597 1.952
59.000 37.633 10.956 1.550
60.000 39.104 12.098 0.823
