0.000 7.496 7.483 1.172
1.000 8.010 6.364 1.489
2.000 9.087 5.611 2.271
3.000 10.985 5.756 2.883
4.000 12.803 6.551 3.137
5.000 14.366 7.796 3.071
6.000 15.447 8.607 2.964
7.000 15.627 9.494 3.064
8.000 14.997 11.028 3.306
9.000 14.718 13.008 3.358
10.000 13.794 14.755 3.664
11.000 12.979 16.577 3.544
12.000 11.457 17.864 3.713
13.000 9.706 18.811 3.525
14.000 8.926 19.279 2.946
15.000 9.105 19.214 1.889
16.000 8.948 19.935 0.848
17.000 8.674 21.406 0.151
18.000 8.307 22.827 0.000
19.000 8.208 24.190 0.884
20.000 7.677 25.830 1.898
21.000 6.523 27.014 3.024
22.000 5.438 27.278 4.022
23.000 5.157 26.541 5.204
24.000 3.904 26.012 6.129
25.000 3.626 26.473 6.839
26.000 2.583 27.569 7.659
27.000 1.082 28.810 8.113
28.000 0.000 29.062 8.880
29.000 1.398 29.587 10.051
30.000 2.001 30.351 11.581
31.000 3.452 30.543 12.945
32.000 5.203 30.540 13.911
33.000 6.369 30.497 14.638
34.000 7.882 31.305 15.316
35.000 9.710 31.533 16.094
36.000 11.524 30.990 16.738
37.000 13.176 29.941 17.151
38.000 15.054 29.271 17.306
39.000 15.953 28.176 17.423
40.000 16.329 27.452 17.496
41.000 15.782 26.789 17.436
42.000 15.022 25.216 17.090
43.000 14.079 24.185 16.490
44.000 13.859 23.842 15.825
45.000 13.353 23.922 15.449
46.000 12.357 23.867 14.715
47.000 11.193 23.431 14.476
48.000 9.741 23.236 14.121
49.000 8.546 23.285 13.406
50.000 7.411 24.118 12.801
51.000 6.320 25.596 12.010
52.000 5.422 26.993 11.668
53.000 4.515 27.685 11.209
54.000 3.199 29.004 10.533
55.000 2.666 30.804 9.843
56.000 2.333 32.647 9.140
57.000 1.736 33.923 8.693
58.000 0.468 34.448 8.189
59.000 0.000 34.124 7.988
60.000 1.339 33.879 7.721
