0.000 4.464 7.469 1.627
1.000 5.861 7.838 1.072
2.000 7.803 7.967 0.608
3.000 9.130 7.313 0.000
4.000 10.118 7.181 0.000
5.000 10.440 7.857 0.515
6.000 10.601 8.808 0.661
7.000 10.988 10.445 1.024
8.000 12.154 11.602 1.089
9.000 12.862 13.378 1.094
10.000 13.008 15.345 1.428
11.000 13.263 17.058 2.157
12.000 13.917 18.481 2.514
13.000 13.931 20.151 2.561
14.000 14.763 21.231 2.690
15.000 14.846 21.901 2.822
16.000 14.416 22.709 3.087
17.000 14.717 22.647 3.694
18.000 14.681 21.723 4.689
19.000 15.516 21.651 6.114
20.000 16.009 21.707 7.986
21.000 17.284 20.895 9.296
22.000 17.620 19.827 10.504
23.000 16.995 19.213 12.126
24.000 16.052 18.385 13.369
25.000 15.185 17.789 15.070
26.000 14.121 18.109 16.733
27.000 13.861 18.240 18.148
28.000 14.154 18.906 19.388
29.000 13.618 20.145 20.000
30.000 13.260 20.598 19.236
31.000 11.961 20.387 18.573
32.000 11.105 19.895 18.277
33.000 10.306 20.156 17.632
34.000 9.913 19.913 17.323
35.000 9.063 20.074 16.568
36.000 7.812 20.422 15.756
37.000 6.682 20.553 14.513
38.000 6.444 19.753 12.980
39.000 7.023 19.399 11.221
40.000 7.256 18.960 9.283
41.000 8.185 17.861 7.895
42.000 8.155 17.215 6.489
43.000 8.897 16.213 4.926
44.000 8.682 14.664 3.679
45.000 8.609 13.429 2.225
46.000 9.343 12.930 0.658
47.000 9.158 12.506 0.000
48.000 9.550 12.027 0.589
49.000 10.095 11.716 0.998
50.000 10.899 11.600 1.484
51.000 10.905 12.014 1.507
52.000 11.317 11.750 1.186
53.000 10.808 10.994 0.487
54.000 10.167 9.256 0.116
55.000 9.535 8.136 0.214
56.000 8.360 7.306 0.443
57.000 6.595 7.149 0.885
58.000 5.403 6.562 1.768
59.000 5.190 5.231 3.080
60.000 5.791 4.158 4.608
