0.000 0.812 9.677 3.734
1.000 2.354 9.322 3.820
2.000 3.217 9.098 3.957
3.000 4.611 9.621 4.555
4.000 6.369 10.211 5.304
5.000 7.235 11.152 6.440
6.000 7.143 12.107 7.559
7.000 8.012 12.419 8.645
8.000 9.551 12.677 9.480
9.000 10.188 12.442 10.793
10.000 11.140 12.202 11.919
11.000 11.269 12.785 12.640
12.000 11.880 13.390 13.569
13.000 11.819 13.195 14.600
14.000 11.926 12.696 15.993
15.000 12.773 12.126 17.694
16.000 14.058 11.953 19.135
17.000 14.457 10.873 20.000
18.000 14.740 9.109 19.569
19.000 15.516 8.025 19.636
20.000 15.685 6.731 19.768
21.000 14.943 6.187 20.000
22.000 13.972 5.062 19.990
23.000 12.038 4.582 19.884
24.000 10.050 4.428 20.000
25.000 8.192 3.803 19.895
26.000 6.336 3.101 20.000
27.000 5.195 2.497 19.877
28.000 3.498 1.773 20.000
29.000 1.904 0.636 19.592
30.000 1.303 0.000 19.272
31.000 0.147 0.000 18.792
32.000 0.000 0.000 18.196
33.000 1.029 0.179 17.702
34.000 2.934 0.766 17.541
35.000 4.501 1.636 17.847
36.000 5.760 3.143 18.227
37.000 7.308 4.188 18.721
38.000 8.744 5.046 18.982
39.000 9.393 6.802 19.270
40.000 9.913 8.060 19.413
41.000 10.509 9.271 19.314
42.000 11.419 11.023 18.990
43.000 11.895 12.156 18.600
44.000 13.086 12.993 18.424
45.000 14.357 13.690 18.121
46.000 15.119 14.685 18.201
47.000 15.426 16.650 18.201
48.000 15.917 18.577 18.411
49.000 15.714 20.328 18.372
50.000 15.603 22.299 18.053
51.000 15.373 23.974 17.430
52.000 15.036 24.878 16.311
53.000 15.497 25.484 15.142
54.000 16.665 26.425 13.819
55.000 17.993 26.542 12.328
56.000 19.071 25.740 11.172
57.000 20.257 25.896 9.804
58.000 20.562 26.307 8.669
59.000 21.328 26.904 7.450
60.000 22.379 27.976 6.562
