0.000 5.831 8.347 0.022
1.000 7.156 7.273 0.100
2.000 8.720 7.086 0.062
3.000 10.477 6.469 0.000
4.000 12.075 5.403 0.000
5.000 12.742 4.786 0.191
6.000 12.905 5.101 0.075
7.000 12.500 6.284 0.010
8.000 11.735 7.116 0.145
9.000 11.406 7.177 0.420
10.000 11.675 7.797 0.533
11.000 12.726 9.036 1.117
12.000 14.298 9.383 2.010
13.000 16.006 9.984 2.860
14.000 17.641 10.974 3.447
15.000 19.501 11.187 4.151
16.000 20.684 12.238 5.258
17.000 22.184 12.851 6.430
18.000 23.651 13.957 7.221
19.000 25.164 15.221 7.551
20.000 26.324 16.534 7.966
21.000 26.737 17.305 8.243
22.000 26.318 17.814 8.495
23.000 26.657 18.015 9.208
24.000 26.449 18.418 9.638
25.000 26.758 19.510 10.303
26.000 26.300 21.110 10.692
27.000 26.028 23.086 10.842
28.000 26.257 24.473 11.295
29.000 26.572 25.793 12.002
30.000 26.654 27.113 12.455
31.000 26.023 29.003 12.628
32.000 25.178 30.729 13.182
33.000 24.453 32.445 13.910
34.000 23.187 33.924 14.368
35.000 21.485 34.974 14.370
36.000 19.528 35.353 14.204
37.000 18.273 35.882 13.761
38.000 16.423 35.549 13.079
39.000 14.577 34.800 12.894
40.000 12.733 34.033 12.798
41.000 11.740 33.343 12.813
42.000 10.302 32.599 12.385
43.000 9.113 31.580 11.928
44.000 8.145 30.609 10.999
45.000 7.765 30.136 9.902
46.000 7.793 29.832 8.640
47.000 8.390 30.497 6.972
48.000 9.467 31.487 5.608
49.000 10.360 32.594 4.202
50.000 10.661 33.295 2.613
51.000 10.590 34.503 1.020
52.000 10.028 35.862 0.000
53.000 9.966 36.603 0.890
54.000 9.904 36.610 1.838
55.000 8.861 36.003 2.596
56.000 7.287 35.892 3.001
57.000 5.346 36.165 3.398
58.000 3.388 36.061 3.792
59.000 1.421 36.343 4.021
60.000 0.000 36.583 3.898
