0.000 9.910 1.582 3.232
1.000 10.622 1.362 3.142
2.000 10.930 2.059 3.371
3.000 10.711 2.405 3.466
4.000 11.012 2.535 4.034
5.000 11.625 2.975 4.878
6.000 12.133 3.361 5.973
7.000 12.181 3.597 7.544
8.000 11.791 3.236 8.659
9.000 11.097 2.959 9.520
10.000 9.672 1.772 10.249
11.000 8.338 0.814 10.772
12.000 6.692 0.000 10.819
13.000 4.709 0.015 11.080
14.000 2.806 0.613 10.938
15.000 1.254 0.375 10.486
16.000 0.161 0.830 10.144
17.000 0.000 1.863 10.013
18.000 0.785 3.033 9.869
19.000 0.745 4.410 9.833
20.000 0.412 6.142 9.979
21.000 0.355 7.260 9.656
22.000 0.143 8.056 8.863
23.000 0.631 8.599 8.501
24.000 0.668 9.712 7.875
25.000 0.236 11.443 7.084
26.000 0.000 13.051 6.424
27.000 0.122 14.172 5.449
28.000 0.629 15.193 4.606
29.000 1.432 16.919 4.183
30.000 2.915 18.020 3.417
31.000 4.109 18.962 2.724
32.000 4.485 20.120 2.122
33.000 4.091 20.708 2.019
34.000 4.087 22.151 1.870
35.000 3.889 23.719 1.285
36.000 3.495 24.544 1.158
37.000 2.593 26.190 1.477
38.000 1.284 27.585 2.062
39.000 0.000 28.646 2.936
40.000 0.374 29.883 3.360
41.000 0.477 30.463 3.330
42.000 0.947 30.061 2.936
43.000 0.861 29.989 2.416
44.000 0.632 30.136 2.115
45.000 0.528 30.336 1.380
46.000 0.874 30.173 0.832
47.000 0.304 29.287 0.449
48.000 0.559 28.771 0.069
49.000 0.352 28.940 0.000
50.000 0.000 28.221 0.625
51.000 0.000 28.195 1.029
52.000 1.165 27.499 1.433
53.000 1.871 27.058 1.476
54.000 2.452 27.342 1.109
55.000 2.814 26.666 0.545
56.000 2.321 26.054 0.000
57.000 1.366 25.141 0.325
58.000 0.000 23.734 0.186
59.000 0.763 21.943 0.000
60.000 1.476 20.103 0.330
