0.000 7.736 7.784 1.175
1.000 8.518 8.213 2.002
2.000 9.966 9.391 2.453
3.000 11.005 10.907 2.523
4.000 11.262 11.654 2.587
5.000 11.574 12.575 2.698
6.000 11.791 14.245 3.224
7.000 12.450 15.638 3.382
8.000 13.251 16.056 3.213
9.000 13.058 17.132 3.045
10.000 13.553 19.043 2.727
11.000 13.517 21.037 2.885
12.000 13.381 22.564 2.640
13.000 12.763 23.956 2.286
14.000 12.456 24.777 2.136
15.000 12.422 24.835 1.690
16.000 12.779 24.537 1.197
17.000 12.973 25.047 0.682
18.000 12.441 26.203 0.264
19.000 11.768 27.128 0.000
20.000 11.384 27.925 0.828
21.000 10.251 28.817 1.759
22.000 9.041 29.742 2.506
23.000 7.844 31.226 3.111
24.000 6.540 32.629 3.686
25.000 5.123 33.895 4.311
26.000 3.482 34.838 4.957
27.000 1.608 34.833 5.657
28.000 0.000 34.476 6.461
29.000 0.693 33.221 7.507
30.000 1.103 32.061 8.487
31.000 1.429 30.439 9.611
32.000 1.071 28.763 10.642
33.000 0.542 26.904 11.156
34.000 0.000 25.875 11.654
35.000 0.000 25.167 11.736
36.000 0.630 24.505 12.225
37.000 1.859 24.210 13.031
38.000 3.053 23.267 13.990
39.000 3.822 21.704 14.971
40.000 4.246 19.969 15.872
41.000 3.961 18.089 16.493
42.000 3.034 16.501 17.278
43.000 1.401 15.563 17.953
44.000 0.159 14.219 18.758
45.000 0.000 12.870 19.434
46.000 0.000 11.860 20.000
47.000 0.000 11.171 19.166
48.000 0.574 11.249 17.856
49.000 1.611 10.364 16.652
50.000 1.973 9.660 15.119
51.000 2.803 9.871 13.594
52.000 3.506 10.575 11.859
53.000 4.434 10.807 10.168
54.000 5.435 11.459 8.564
55.000 6.653 12.662 7.530
56.000 6.883 13.430 6.972
57.000 7.398 13.686 6.889
58.000 7.601 13.389 6.935
59.000 7.823 13.878 7.318
60.000 8.927 14.767 7.704
