0.000 1.182 1.617 4.611
1.000 0.220 0.901 5.075
2.000 0.000 0.000 5.202
3.000 1.182 1.436 5.409
4.000 2.325 3.076 5.406
5.000 3.611 4.606 5.494
6.000 4.962 6.067 5.300
7.000 6.653 6.680 4.981
8.000 7.735 8.151 4.841
9.000 8.857 8.733 4.927
10.000 10.177 9.848 4.970
11.000 11.608 11.244 5.030
12.000 12.704 12.829 4.997
13.000 13.894 13.809 4.922
14.000 15.453 14.492 5.241
15.000 17.184 15.473 5.440
16.000 19.118 15.982 5.466
17.000 21.050 16.358 5.823
18.000 22.835 17.245 5.994
19.000 24.351 18.506 6.326
20.000 25.081 19.024 7.087
21.000 24.827 19.729 7.882
22.000 24.934 21.267 8.624
23.000 24.504 23.108 8.977
24.000 24.727 25.088 9.144
25.000 25.315 26.228 9.055
26.000 25.366 27.072 9.164
27.000 26.291 27.079 9.549
28.000 27.216 27.622 9.499
29.000 28.497 27.508 9.722
30.000 29.235 28.303 10.113
31.000 30.285 29.668 10.340
32.000 30.812 31.458 10.488
33.000 31.579 33.305 10.473
34.000 32.421 35.085 10.123
35.000 33.049 36.980 10.001
36.000 33.848 38.804 10.184
37.000 34.787 40.558 10.398
38.000 35.750 42.250 10.851
39.000 37.011 43.787 11.073
40.000 38.524 45.029 11.483
41.000 39.757 45.421 11.868
42.000 40.554 46.588 12.364
43.000 41.590 47.265 12.599
44.000 42.973 48.389 13.292
45.000 44.459 49.547 13.963
46.000 45.362 51.322 14.150
47.000 46.170 52.305 13.876
48.000 47.425 53.344 13.879
49.000 48.793 54.788 14.082
50.000 50.013 56.358 13.862
51.000 51.672 57.475 13.816
52.000 52.999 57.889 14.056
53.000 54.718 58.794 14.531
54.000 56.573 58.902 15.270
55.000 58.423 59.455 15.792
56.000 59.833 60.686 16.498
57.000 60.712 62.260 17.364
58.000 61.839 63.174 18.203
59.000 63.474 63.671 19.241
60.000 64.433 64.067 20.000
