0.000 7.019 8.093 1.430
1.000 7.056 7.199 1.698
2.000 7.298 5.592 1.776
3.000 7.892 4.105 2.057
4.000 9.211 2.882 2.470
5.000 9.554 2.259 3.127
6.000 9.228 1.349 3.526
7.000 9.419 0.962 3.455
8.000 8.972 0.610 3.075
9.000 8.389 0.000 2.791
10.000 8.381 0.873 3.001
11.000 8.876 1.606 3.188
12.000 10.203 2.745 3.796
13.000 11.320 3.674 3.917
14.000 12.769 5.047 3.801
15.000 13.554 6.556 3.980
16.000 13.764 8.495 4.423
17.000 14.494 10.264 4.955
18.000 15.070 11.800 5.948
19.000 14.823 12.479 6.782
20.000 15.340 13.641 7.340
21.000 16.188 15.144 8.068
22.000 16.416 17.028 8.698
23.000 15.912 18.932 9.047
24.000 15.778 20.908 9.328
25.000 16.470 22.748 9.697
26.000 16.676 24.654 10.265
27.000 16.355 26.626 10.351
28.000 15.625 28.213 10.587
29.000 14.772 28.865 10.737
30.000 14.693 29.791 10.989
31.000 15.091 30.424 11.345
32.000 14.562 31.452 11.844
33.000 14.443 32.449 12.153
34.000 14.850 33.941 12.020
35.000 15.761 35.711 11.830
36.000 16.865 37.342 11.484
37.000 18.177 38.245 10.808
38.000 19.649 38.662 10.410
39.000 21.631 38.503 10.203
40.000 23.000 38.539 10.042
41.000 23.723 39.103 9.873
42.000 24.161 39.133 9.984
43.000 23.676 38.693 9.857
44.000 23.922 39.163 9.259
45.000 24.408 40.606 8.429
46.000 24.659 41.587 7.761
47.000 24.503 42.277 6.868
48.000 24.185 43.765 5.669
49.000 23.298 45.057 4.440
50.000 23.023 46.279 3.307
51.000 22.776 47.350 2.560
52.000 22.462 48.118 2.212
53.000 23.009 48.530 1.725
54.000 24.290 49.692 0.832
55.000 25.595 51.040 0.139
56.000 26.180 52.844 0.000
57.000 26.978 54.613 0.482
58.000 28.632 55.435 0.725
59.000 30.272 56.511 1.119
60.000 32.094 57.332 1.181
