0.000 9.673 7.922 0.553
1.000 8.745 7.362 0.495
2.000 7.840 6.649 0.536
3.000 7.710 6.418 0.367
4.000 7.261 6.355 0.000
5.000 5.894 5.973 0.073
6.000 4.063 5.177 0.000
7.000 2.109 4.810 0.215
8.000 0.118 4.635 0.133
9.000 0.000 3.978 0.320
10.000 1.555 4.291 0.049
11.000 3.508 4.709 0.000
12.000 4.658 4.572 0.000
13.000 5.044 3.494 0.126
14.000 4.673 2.667 0.066
15.000 4.999 0.986 0.000
16.000 5.509 0.000 0.000
17.000 6.311 0.409 0.340
18.000 6.729 0.000 0.928
19.000 6.989 0.666 2.008
20.000 6.989 0.568 2.622
21.000 6.269 1.433 3.089
22.000 6.183 2.787 3.781
23.000 5.338 4.460 4.477
24.000 5.003 5.434 5.584
25.000 4.435 6.289 6.359
26.000 3.770 6.265 7.234
27.000 3.125 5.924 8.133
28.000 2.176 4.703 9.127
29.000 0.973 3.249 9.788
30.000 0.000 2.318 10.495
31.000 1.773 1.963 11.299
32.000 3.711 2.016 11.791
33.000 5.699 2.211 11.882
34.000 7.578 1.584 11.606
35.000 9.577 1.503 11.634
36.000 11.389 2.270 11.275
37.000 12.493 2.105 11.040
38.000 13.494 1.356 10.698
39.000 14.541 0.000 10.710
40.000 15.056 0.178 11.076
41.000 15.726 0.000 11.311
42.000 16.662 0.930 11.969
43.000 18.413 1.527 12.728
44.000 19.768 2.328 13.406
45.000 20.904 3.662 13.872
46.000 21.571 4.775 14.695
47.000 22.342 6.585 15.053
48.000 23.548 8.139 15.415
49.000 25.285 9.087 15.703
50.000 26.514 10.056 16.068
51.000 28.172 10.795 16.820
52.000 29.523 11.966 17.717
53.000 30.714 12.807 19.067
54.000 32.237 12.913 20.000
55.000 34.108 13.431 19.519
56.000 35.744 14.478 19.042
57.000 36.794 14.739 18.919
58.000 37.930 14.778 18.711
59.000 39.177 15.452 18.746
60.000 39.625 15.873 19.131
