0.000 3.409 0.566 3.665
1.000 4.457 0.000 3.816
2.000 5.182 1.089 4.177
3.000 5.950 2.048 4.956
4.000 6.194 2.356 5.415
5.000 7.065 2.356 5.678
6.000 7.422 2.610 5.921
7.000 7.476 3.834 6.649
8.000 7.934 5.693 6.990
9.000 9.103 7.281 7.322
10.000 9.508 8.705 7.259
11.000 9.633 10.226 7.550
12.000 10.498 12.027 7.475
13.000 11.900 12.831 7.014
14.000 13.891 12.704 6.871
15.000 15.120 12.947 6.523
16.000 17.049 12.484 6.270
17.000 18.991 12.370 5.807
18.000 20.364 12.580 5.726
19.000 22.027 13.029 5.860
20.000 22.838 12.521 5.787
21.000 23.744 12.152 5.839
22.000 24.075 12.133 6.330
23.000 23.497 12.876 6.712
24.000 23.240 13.708 6.922
25.000 22.955 14.003 7.541
26.000 22.883 14.902 8.008
27.000 22.453 16.219 8.446
28.000 21.870 18.086 8.866
29.000 21.583 20.004 9.354
30.000 20.671 21.525 10.279
31.000 20.094 22.969 11.383
32.000 19.292 23.885 12.072
33.000 18.973 25.305 13.095
34.000 18.119 25.778 14.534
35.000 17.003 26.418 16.066
36.000 15.613 26.449 17.282
37.000 14.340 26.879 18.054
38.000 12.649 27.117 19.021
39.000 11.047 26.513 20.000
40.000 9.576 25.165 19.855
41.000 8.975 23.715 19.313
42.000 8.786 21.777 18.856
43.000 8.329 20.161 18.374
44.000 8.111 18.681 17.411
45.000 8.862 17.390 16.175
46.000 9.842 16.115 14.985
47.000 11.139 15.521 14.129
48.000 12.952 15.275 13.323
49.000 13.825 14.975 12.469
50.000 14.463 15.268 11.820
51.000 15.861 14.914 11.595
52.000 17.407 13.682 11.293
53.000 19.239 12.976 10.914
54.000 20.406 11.719 10.448
55.000 22.027 11.080 10.068
56.000 23.414 9.790 9.425
57.000 23.985 8.122 8.480
58.000 23.888 6.364 7.533
59.000 22.972 5.298 6.439
60.000 22.559 3.825 5.150
