0.000 2.117 3.178 3.624
1.000 3.554 2.666 2.869
2.000 4.573 1.242 2.168
3.000 5.936 0.039 1.334
4.000 6.727 0.000 0.581
5.000 8.178 0.938 0.000
6.000 10.017 1.718 0.085
7.000 11.982 1.858 0.433
8.000 13.739 2.695 0.894
9.000 15.732 2.667 1.051
10.000 17.703 2.995 0.950
11.000 19.687 2.920 0.712
12.000 21.441 2.413 0.190
13.000 23.231 1.918 0.000
14.000 24.653 0.802 0.659
15.000 25.958 0.257 1.235
16.000 26.802 0.000 2.060
17.000 27.349 0.000 3.223
18.000 27.301 0.000 4.146
19.000 27.989 0.000 5.199
20.000 29.072 0.000 6.502
21.000 30.585 0.452 7.729
22.000 32.285 1.012 8.478
23.000 33.074 1.682 9.433
24.000 33.271 2.685 10.820
25.000 33.439 3.123 12.501
26.000 32.987 3.172 14.448
27.000 33.179 3.816 16.086
28.000 33.955 3.886 17.890
29.000 35.135 4.772 19.239
30.000 36.518 4.912 20.000
31.000 37.377 5.072 19.133
32.000 39.210 4.653 18.606
33.000 40.653 4.404 18.050
34.000 42.507 4.314 17.304
35.000 43.418 4.346 16.860
36.000 44.347 4.377 16.590
37.000 44.767 3.527 16.480
38.000 45.290 2.829 16.471
39.000 45.836 2.821 16.210
40.000 45.700 2.775 15.597
41.000 45.647 3.423 15.030
42.000 44.847 3.249 14.254
43.000 43.630 3.744 13.835
44.000 43.329 3.937 13.783
45.000 43.144 3.516 13.875
46.000 42.958 2.798 13.927
47.000 42.502 1.757 13.597
48.000 42.813 0.537 13.485
49.000 42.217 0.000 13.356
50.000 42.616 1.235 13.477
51.000 43.712 2.816 14.022
52.000 44.752 4.079 14.605
53.000 44.945 5.917 15.370
54.000 44.459 7.108 16.473
55.000 43.424 7.948 17.710
56.000 42.748 8.018 19.282
57.000 41.629 8.591 20.000
58.000 40.382 8.857 19.568
59.000 38.825 8.798 18.840
60.000 36.931 9.052 18.252
