0.000 9.283 4.658 0.238
1.000 9.335 4.363 0.061
2.000 9.261 3.808 0.000
3.000 8.521 3.308 0.757
4.000 6.791 2.957 1.354
5.000 5.752 3.489 2.174
6.000 4.420 4.756 2.556
7.000 3.563 5.047 2.891
8.000 2.799 5.813 3.098
9.000 1.529 6.181 3.210
10.000 0.763 5.570 3.689
11.000 0.629 4.721 4.348
12.000 0.000 4.806 4.876
13.000 0.637 5.623 5.892
14.000 1.808 6.250 6.926
15.000 2.857 6.550 8.021
16.000 3.362 7.724 9.272
17.000 3.626 9.404 10.325
18.000 3.982 10.885 11.519
19.000 3.431 11.739 12.588
20.000 3.314 13.084 13.378
21.000 4.057 14.821 14.036
22.000 3.930 16.367 14.218
23.000 3.757 18.334 14.534
24.000 3.416 20.233 15.062
25.000 2.731 22.110 15.154
26.000 2.169 24.004 15.465
27.000 2.130 25.118 15.803
28.000 2.071 26.519 16.470
29.000 2.054 28.322 17.337
30.000 2.754 29.540 18.538
31.000 3.037 31.266 19.462
32.000 2.790 33.100 20.000
33.000 1.732 34.790 19.840
34.000 0.416 36.256 19.497
35.000 0.000 38.119 19.074
36.000 0.401 39.669 19.136
37.000 0.770 40.387 18.993
38.000 1.409 40.515 19.005
39.000 2.071 40.723 19.386
40.000 3.179 40.317 19.906
41.000 3.723 39.257 20.000
42.000 5.142 38.755 20.000
43.000 6.022 38.050 20.000
44.000 7.812 37.165 20.000
45.000 9.584 36.288 19.698
46.000 11.394 35.441 19.780
47.000 12.769 34.004 19.892
48.000 14.226 33.543 20.000
49.000 15.828 32.347 19.952
50.000 17.152 30.848 19.930
51.000 17.655 28.939 20.000
52.000 17.722 26.976 19.623
53.000 17.203 25.112 19.120
54.000 16.214 23.373 19.111
55.000 15.537 21.944 19.190
56.000 15.724 20.043 19.685
57.000 16.262 18.119 19.787
58.000 16.619 16.153 19.716
59.000 17.683 14.493 20.000
60.000 18.745 12.822 20.000
