0.000 2.563 9.693 0.784
1.000 1.861 10.825 1.095
2.000 0.454 11.006 1.896
3.000 0.000 10.676 2.716
4.000 0.392 11.293 3.391
5.000 0.692 12.851 4.350
6.000 0.093 13.434 5.445
7.000 0.021 14.965 6.729
8.000 0.791 16.159 8.088
9.000 1.710 17.414 9.345
10.000 1.662 18.902 10.680
11.000 0.906 19.846 12.274
12.000 0.000 20.885 13.533
13.000 0.727 22.401 14.617
14.000 2.097 23.397 15.527
15.000 3.870 23.474 15.986
16.000 5.725 23.829 16.643
17.000 6.805 23.984 17.232
18.000 8.282 24.317 17.964
19.000 9.548 25.372 19.016
20.000 10.064 26.214 20.000
21.000 10.964 26.063 19.519
22.000 11.900 25.704 18.566
23.000 11.958 25.466 17.169
24.000 12.879 24.499 15.835
25.000 12.898 23.724 14.829
26.000 12.218 23.679 14.059
27.000 10.570 23.520 13.544
28.000 9.148 22.533 12.766
29.000 7.644 21.228 12.573
30.000 5.744 20.618 12.448
31.000 4.644 20.598 12.217
32.000 3.704 19.738 12.335
33.000 3.028 19.244 12.636
34.000 2.721 18.712 12.524
35.000 1.813 18.454 12.343
36.000 0.428 17.897 12.180
37.000 0.000 17.562 11.623
38.000 0.207 17.420 10.658
39.000 0.211 17.815 9.289
40.000 0.516 18.900 8.419
41.000 0.995 20.183 7.271
42.000 1.600 21.303 5.728
43.000 2.128 22.897 4.643
44.000 3.236 23.957 3.359
45.000 3.919 25.171 2.390
46.000 4.430 26.988 1.729
47.000 5.538 27.851 1.478
48.000 7.014 29.198 1.390
49.000 8.401 30.584 0.996
50.000 9.947 31.010 0.239
51.000 11.898 31.070 0.000
52.000 13.717 31.902 0.000
53.000 15.114 33.238 0.000
54.000 16.666 34.053 0.000
55.000 18.251 35.020 0.195
56.000 19.057 36.277 0.418
57.000 19.938 36.782 0.899
58.000 20.711 37.233 1.060
59.000 21.746 36.695 1.039
60.000 22.156 36.720 1.412
