0.000 9.805 5.701 1.306
1.000 9.737 6.055 1.294
2.000 9.986 6.192 1.295
3.000 11.213 6.086 0.995
4.000 12.832 6.836 0.321
5.000 13.546 8.046 0.000
6.000 13.964 8.796 0.000
7.000 14.639 8.778 0.062
8.000 15.528 9.457 0.199
9.000 15.840 10.048 0.535
10.000 15.418 11.501 0.435
11.000 15.571 12.644 0.083
12.000 14.859 13.621 0.000
13.000 13.965 15.383 0.205
14.000 13.004 16.983 0.857
15.000 12.558 18.679 1.226
16.000 12.755 19.555 1.340
17.000 13.354 21.263 1.235
18.000 14.922 22.154 0.703
19.000 16.537 23.137 0.050
20.000 17.301 23.740 0.000
21.000 18.275 24.179 0.716
22.000 18.658 25.139 1.051
23.000 19.989 26.309 1.464
24.000 21.602 27.458 1.745
25.000 22.649 28.542 1.868
26.000 23.771 29.786 2.355
27.000 24.247 30.498 2.654
28.000 24.960 30.629 2.940
29.000 24.817 29.831 2.736
30.000 25.207 29.909 2.701
31.000 25.802 29.558 2.994
32.000 25.443 29.269 2.954
33.000 25.322 29.720 3.399
34.000 25.784 30.308 4.266
35.000 25.601 31.698 5.211
36.000 26.064 32.359 5.976
37.000 26.853 32.791 6.806
38.000 27.585 33.380 7.699
39.000 27.547 33.432 8.631
40.000 28.169 33.213 9.715
41.000 28.354 33.090 10.412
42.000 28.519 32.930 11.455
43.000 29.559 32.543 12.384
44.000 31.297 33.059 13.229
45.000 32.959 33.728 14.117
46.000 34.377 34.452 15.268
47.000 35.567 35.495 16.490
48.000 37.035 35.718 17.831
49.000 38.629 35.691 18.950
50.000 40.028 36.650 19.798
51.000 41.182 38.095 20.000
52.000 42.828 38.647 19.769
53.000 44.403 39.226 19.586
54.000 46.291 39.886 19.548
55.000 47.387 41.143 19.663
56.000 47.965 41.495 19.976
57.000 48.212 41.665 20.000
58.000 47.625 42.714 19.941
59.000 47.032 43.796 19.828
60.000 46.926 45.516 19.461
