0.000 6.213 5.289 0.469
1.000 5.553 5.355 0.743
2.000 3.926 5.412 1.161
3.000 2.098 5.458 1.969
4.000 0.322 5.882 2.787
5.000 0.000 5.750 3.040
6.000 0.062 6.181 3.638
7.000 0.000 5.671 4.474
8.000 1.122 4.463 5.208
9.000 1.853 2.639 5.576
10.000 2.997 1.633 5.765
11.000 3.227 0.806 6.432
12.000 4.297 0.175 7.237
13.000 4.999 0.000 8.442
14.000 5.588 0.074 9.762
15.000 6.745 0.000 11.188
16.000 8.486 0.000 12.141
17.000 9.408 0.368 12.776
18.000 10.119 1.386 13.238
19.000 11.136 1.495 14.161
20.000 11.731 1.941 15.327
21.000 12.047 1.848 16.643
22.000 12.404 0.870 17.585
23.000 12.091 0.852 18.317
24.000 12.634 0.717 18.707
25.000 13.487 0.375 19.501
26.000 15.173 0.000 20.000
27.000 15.903 0.000 19.493
28.000 15.841 0.466 18.788
29.000 15.067 0.277 18.424
30.000 14.763 0.000 17.901
31.000 15.225 0.000 17.653
32.000 16.524 0.855 17.121
33.000 17.957 0.741 16.518
34.000 18.437 1.278 16.390
35.000 19.326 0.859 16.741
36.000 20.634 0.920 17.021
37.000 22.507 1.532 17.361
38.000 24.089 2.754 17.290
39.000 24.760 4.594 16.884
40.000 25.095 5.444 16.316
41.000 24.987 7.147 15.461
42.000 25.323 9.006 14.805
43.000 25.839 10.890 14.373
44.000 26.004 12.226 13.760
45.000 25.247 12.685 12.784
46.000 24.374 13.067 11.733
47.000 24.454 12.450 11.089
48.000 24.081 11.170 9.961
49.000 23.393 9.749 8.734
50.000 23.024 9.108 7.014
51.000 22.012 9.343 5.305
52.000 20.953 9.736 3.655
53.000 19.948 10.258 2.006
54.000 19.226 10.866 0.483
55.000 18.072 10.988 0.000
56.000 17.332 10.121 0.505
57.000 16.038 9.177 0.687
58.000 15.349 8.825 1.085
59.000 13.983 8.523 1.692
60.000 12.978 8.710 2.797
