0.000 8.626 7.301 3.132
1.000 8.028 6.622 3.747
2.000 6.882 6.082 4.099
3.000 5.854 6.386 4.922
4.000 4.299 6.975 5.995
5.000 2.965 8.021 7.055
6.000 1.776 9.475 7.742
7.000 0.670 10.088 8.376
8.000 0.000 11.090 8.785
9.000 1.040 12.428 8.845
10.000 2.834 13.271 9.113
11.000 4.169 14.757 9.026
12.000 4.577 16.703 8.808
13.000 4.588 18.635 8.293
14.000 3.970 20.375 7.524
15.000 2.982 21.959 6.806
16.000 2.939 23.926 6.447
17.000 3.380 25.853 6.145
18.000 4.293 27.454 5.476
19.000 5.718 28.839 5.250
20.000 7.473 29.775 5.034
21.000 9.226 30.563 4.482
22.000 10.023 31.878 3.558
23.000 9.892 33.543 2.457
24.000 9.411 35.331 1.702
25.000 9.565 36.721 1.010
26.000 10.555 38.209 0.112
27.000 11.694 39.605 0.000
28.000 12.267 40.664 0.163
29.000 13.428 41.465 0.195
30.000 13.941 42.931 0.391
31.000 14.796 43.697 0.911
32.000 15.691 44.301 1.082
33.000 16.131 45.037 0.834
34.000 16.771 46.029 0.477
35.000 16.422 47.714 0.000
36.000 16.883 48.839 0.136
37.000 17.762 49.131 0.555
38.000 17.645 48.968 0.712
39.000 16.553 48.210 0.508
40.000 15.131 47.055 0.331
41.000 14.341 45.886 0.471
42.000 13.152 44.280 0.541
43.000 11.759 42.923 1.008
44.000 11.195 41.077 1.532
45.000 10.382 39.323 2.044
46.000 9.950 37.742 2.829
47.000 8.996 36.212 3.695
48.000 8.994 34.485 4.703
49.000 8.916 32.543 5.173
50.000 7.896 30.860 5.531
51.000 6.613 29.326 5.514
52.000 5.196 27.949 5.200
53.000 4.219 27.123 5.079
54.000 3.993 25.599 4.559
55.000 3.370 23.945 3.705
56.000 1.975 22.998 2.630
57.000 0.662 22.287 1.919
58.000 0.000 21.089 1.108
59.000 0.351 19.299 0.287
60.000 0.156 17.632 0.000
