0.000 8.067 8.101 2.613
1.000 8.275 8.552 2.361
2.000 7.900 8.471 2.488
3.000 8.169 7.463 2.771
4.000 8.316 6.005 2.631
5.000 8.752 5.089 2.531
6.000 9.921 3.503 2.191
7.000 10.788 1.808 1.577
8.000 12.145 0.461 0.989
9.000 13.331 0.000 0.634
10.000 14.133 1.352 0.381
11.000 14.655 2.921 0.470
12.000 14.323 4.889 0.592
13.000 13.975 6.858 0.622
14.000 14.382 8.291 0.989
15.000 14.772 9.623 1.800
16.000 15.477 11.470 2.101
17.000 15.936 13.415 2.009
18.000 16.192 15.046 2.336
19.000 16.238 17.013 2.696
20.000 16.051 19.000 2.567
21.000 15.867 20.979 2.341
22.000 16.198 22.189 1.704
23.000 16.817 23.849 1.164
24.000 17.524 25.516 0.718
25.000 17.357 27.508 0.745
26.000 17.667 28.828 0.869
27.000 18.741 30.510 1.006
28.000 19.191 31.623 1.352
29.000 20.607 32.098 2.108
30.000 21.625 31.634 3.305
31.000 22.975 31.402 4.020
32.000 23.680 31.270 4.279
33.000 25.158 30.953 4.490
34.000 26.289 29.988 4.990
35.000 27.035 29.124 5.701
36.000 27.932 28.199 6.126
37.000 28.043 26.673 6.835
38.000 27.478 26.078 7.668
39.000 26.476 24.703 8.198
40.000 25.823 23.154 8.425
41.000 24.836 21.416 8.492
42.000 23.448 20.550 8.280
43.000 22.197 20.150 8.217
44.000 20.798 19.118 7.837
45.000 18.884 18.544 7.747
46.000 17.304 17.351 8.028
47.000 16.111 16.407 7.876
48.000 14.682 15.102 7.372
49.000 12.992 14.222 6.763
50.000 11.634 12.922 6.519
51.000 10.613 12.155 6.679
52.000 8.675 11.772 6.371
53.000 7.505 11.942 6.192
54.000 5.922 12.452 6.365
55.000 5.058 13.305 6.976
56.000 3.629 13.298 7.351
57.000 2.841 13.922 7.697
58.000 1.560 14.458 8.496
59.000 0.048 14.009 8.816
60.000 0.000 14.143 8.750
