0.000 0.221 2.136 2.504
1.000 0.218 1.631 2.130
2.000 0.986 0.358 1.338
3.000 1.964 0.000 0.468
4.000 3.351 0.838 0.000
5.000 5.246 1.391 0.314
6.000 7.188 1.771 0.605
7.000 8.905 2.587 1.227
8.000 9.900 3.872 1.844
9.000 11.541 4.603 2.453
10.000 12.585 6.058 3.062
11.000 13.021 7.296 3.946
12.000 12.482 7.955 4.880
13.000 11.908 9.119 5.760
14.000 12.004 9.972 6.633
15.000 12.181 10.914 7.444
16.000 12.989 12.679 7.773
17.000 13.829 14.419 8.291
18.000 15.512 15.459 8.582
19.000 17.152 15.513 9.076
20.000 19.119 15.427 9.425
21.000 21.106 15.559 9.612
22.000 22.844 16.194 9.723
23.000 24.805 16.393 10.058
24.000 26.583 15.995 10.496
25.000 28.529 15.670 10.821
26.000 30.347 15.962 10.847
27.000 31.187 15.622 10.601
28.000 32.018 14.676 10.034
29.000 33.401 14.504 9.579
30.000 34.862 13.941 9.457
31.000 36.007 13.979 9.508
32.000 37.418 13.661 9.948
33.000 39.215 13.809 9.990
34.000 41.159 14.213 9.745
35.000 42.812 15.330 9.880
36.000 43.928 16.988 9.969
37.000 44.253 18.562 9.697
38.000 44.676 19.833 9.693
39.000 45.969 20.384 9.768
40.000 47.869 20.757 10.272
41.000 49.780 21.307 10.483
42.000 51.144 21.437 10.310
43.000 52.839 20.739 9.957
44.000 54.633 19.858 10.036
45.000 56.297 18.786 10.323
46.000 57.965 17.873 10.940
47.000 59.089 17.195 11.973
48.000 60.831 16.474 12.643
49.000 61.756 14.894 12.953
50.000 63.589 14.149 13.245
51.000 65.505 13.847 13.734
52.000 67.134 12.712 13.972
53.000 68.170 11.005 13.864
54.000 69.768 9.931 14.096
55.000 70.940 9.110 14.597
56.000 72.415 7.969 15.319
57.000 74.181 7.092 15.651
58.000 75.294 7.034 15.878
59.000 76.507 7.546 15.896
60.000 77.898 7.591 15.746
