0.000 0.697 9.424 1.793
1.000 1.904 9.897 1.702
2.000 2.743 9.801 2.110
3.000 3.142 8.738 2.374
4.000 3.395 8.056 2.387
5.000 3.289 8.001 2.215
6.000 4.132 8.241 2.167
7.000 5.280 7.656 2.311
8.000 5.746 8.055 1.987
9.000 5.794 8.759 1.796
10.000 5.472 9.250 1.553
11.000 5.448 10.198 1.517
12.000 4.520 11.773 0.983
13.000 3.579 13.119 0.112
14.000 3.320 14.471 0.000
15.000 2.325 15.628 0.699
16.000 0.707 16.311 1.326
17.000 0.000 16.829 2.149
18.000 0.856 16.833 2.790
19.000 0.908 17.642 3.723
20.000 1.550 17.725 4.937
21.000 2.665 17.648 6.255
22.000 4.109 18.020 7.588
23.000 5.066 17.800 9.330
24.000 5.732 17.170 10.962
25.000 6.604 17.144 12.762
26.000 7.730 17.376 14.399
27.000 8.120 18.547 15.907
28.000 9.031 19.410 17.464
29.000 9.655 20.206 19.190
30.000 10.316 20.905 20.000
31.000 10.790 21.431 19.155
32.000 11.799 21.250 18.661
33.000 12.519 21.409 17.937
34.000 13.204 21.506 17.406
35.000 14.407 22.223 16.966
36.000 14.893 22.858 16.845
37.000 14.968 24.390 17.143
38.000 15.670 26.253 17.339
39.000 15.749 27.332 17.641
40.000 16.092 28.752 18.404
41.000 15.555 29.363 19.346
42.000 15.631 29.207 20.000
43.000 16.442 28.509 19.260
44.000 16.622 27.149 18.585
45.000 17.465 25.380 18.186
46.000 17.924 23.444 17.984
47.000 17.728 21.471 17.716
48.000 17.231 19.656 17.038
49.000 17.489 18.401 16.287
50.000 18.709 17.570 15.631
51.000 19.771 17.143 15.188
52.000 20.767 17.289 14.876
53.000 21.813 18.407 14.621
54.000 23.660 18.958 14.086
55.000 25.615 19.162 13.714
56.000 27.500 19.830 13.701
57.000 29.417 20.370 13.884
58.000 30.905 21.704 13.954
59.000 32.507 22.233 13.761
60.000 34.484 21.937 13.708
