0.000 4.005 9.102 0.423
1.000 4.699 9.147 0.515
2.000 6.083 9.358 0.217
3.000 7.286 9.182 0.000
4.000 9.181 8.794 0.505
5.000 11.147 8.686 0.856
6.000 12.778 8.854 1.547
7.000 14.537 9.103 2.465
8.000 16.253 9.938 3.066
9.000 17.239 10.878 4.038
10.000 18.609 12.265 4.484
11.000 20.167 13.307 5.181
12.000 21.896 14.198 5.650
13.000 23.711 14.716 6.310
14.000 24.680 14.603 7.251
15.000 25.802 14.436 8.456
16.000 26.796 13.735 9.621
17.000 28.057 13.327 11.118
18.000 28.971 12.666 12.713
19.000 28.915 11.570 14.385
20.000 28.687 11.143 16.026
21.000 29.121 10.439 17.418
22.000 29.572 10.731 18.670
23.000 30.266 11.175 19.825
24.000 30.665 12.065 20.000
25.000 31.902 12.846 19.366
26.000 33.002 13.789 18.769
27.000 33.313 14.324 18.079
28.000 34.191 15.313 17.796
29.000 35.585 15.838 17.516
30.000 36.157 16.761 17.300
31.000 35.948 18.160 17.579
32.000 35.280 20.039 17.428
33.000 34.328 21.770 17.115
34.000 33.100 23.290 16.691
35.000 32.689 24.144 16.065
36.000 32.185 24.404 15.404
37.000 31.879 24.097 14.313
38.000 31.895 24.697 13.565
39.000 32.902 25.400 12.620
40.000 34.125 25.386 11.964
41.000 35.585 26.014 11.313
42.000 36.691 27.442 10.805
43.000 36.868 28.214 10.233
44.000 37.297 28.674 9.653
45.000 37.530 29.751 9.403
46.000 37.207 30.816 9.408
47.000 37.305 31.462 9.673
48.000 37.997 32.711 10.336
49.000 39.136 34.227 10.973
50.000 40.135 35.714 11.862
51.000 41.095 37.099 12.939
52.000 41.595 37.881 14.443
53.000 41.538 38.312 15.820
54.000 40.888 37.858 17.657
55.000 41.080 37.825 19.647
56.000 40.673 37.928 20.000
57.000 39.944 37.060 18.563
58.000 38.704 36.652 17.180
59.000 37.452 36.107 16.160
60.000 37.011 35.562 15.480
