0.000 0.695 1.393 2.936
1.000 0.163 0.032 2.763
2.000 0.000 0.000 2.602
3.000 0.318 0.708 2.503
4.000 1.419 2.089 2.119
5.000 2.724 2.859 1.570
6.000 4.588 3.557 1.381
7.000 5.891 4.455 1.096
8.000 7.200 5.773 0.354
9.000 8.654 7.084 0.000
10.000 10.062 8.397 0.541
11.000 11.334 9.914 0.827
12.000 12.793 11.066 0.655
13.000 14.483 12.057 0.253
14.000 16.460 12.354 0.189
15.000 18.336 12.994 0.000
16.000 20.295 13.377 0.124
17.000 22.240 13.094 0.495
18.000 23.572 13.335 0.543
19.000 24.739 12.747 1.037
20.000 26.175 11.885 1.852
21.000 27.983 11.260 2.434
22.000 29.478 10.754 2.619
23.000 30.333 9.334 3.228
24.000 30.602 7.657 3.760
25.000 31.039 6.384 4.043
26.000 30.721 5.670 3.968
27.000 31.285 4.740 3.657
28.000 31.847 3.032 2.967
29.000 31.830 1.169 2.241
30.000 32.314 0.000 1.589
31.000 32.219 1.172 0.560
32.000 31.131 1.913 0.000
33.000 30.382 2.235 0.400
34.000 30.275 2.461 0.565
35.000 31.156 2.752 0.772
36.000 31.780 3.273 0.848
37.000 31.841 4.152 0.854
38.000 30.956 4.962 0.935
39.000 29.521 6.351 1.053
40.000 27.793 7.341 1.233
41.000 26.959 8.654 1.539
42.000 25.705 9.896 2.113
43.000 25.103 10.768 2.458
44.000 24.032 10.812 3.203
45.000 23.440 11.671 3.850
46.000 22.192 13.134 4.401
47.000 20.575 14.305 4.514
48.000 18.598 14.466 4.255
49.000 16.789 15.302 4.092
50.000 15.077 15.456 4.013
51.000 13.698 16.322 4.132
52.000 12.082 16.634 3.912
53.000 10.114 16.276 3.904
54.000 8.394 16.171 3.574
55.000 7.486 16.231 2.961
56.000 5.840 16.450 2.649
57.000 3.978 17.081 2.283
58.000 2.498 17.449 2.026
59.000 0.581 18.017 1.992
60.000 0.000 18.826 2.322
