0.000 3.386 8.507 0.641
1.000 2.836 10.060 0.762
2.000 2.521 12.024 0.980
3.000 1.418 13.692 0.940
4.000 0.991 15.630 0.691
5.000 0.000 16.568 0.000
6.000 0.073 17.845 0.673
7.000 0.000 19.392 1.650
8.000 0.865 20.824 2.746
9.000 2.031 22.305 3.413
10.000 3.363 23.724 3.873
11.000 3.969 24.397 4.620
12.000 4.177 24.990 5.581
13.000 3.613 25.322 6.219
14.000 2.687 26.201 6.477
15.000 1.212 27.550 6.542
16.000 0.000 28.133 6.204
17.000 0.175 28.601 6.267
18.000 1.290 28.320 5.846
19.000 1.656 28.614 5.075
20.000 2.950 28.139 3.978
21.000 4.388 27.422 2.787
22.000 5.169 27.521 2.091
23.000 5.983 26.930 1.558
24.000 6.138 25.795 1.268
25.000 5.755 24.496 1.149
26.000 5.455 23.485 1.500
27.000 5.215 23.142 2.213
28.000 4.740 22.691 2.764
29.000 3.549 21.705 3.601
30.000 2.533 20.486 4.278
31.000 1.545 19.864 4.518
32.000 1.539 18.396 4.477
33.000 2.319 16.590 4.835
34.000 3.105 15.419 4.740
35.000 3.135 15.036 4.876
36.000 3.322 15.591 5.034
37.000 3.546 16.488 4.858
38.000 4.178 18.264 4.627
39.000 4.778 20.163 4.813
40.000 5.244 22.089 5.082
41.000 5.498 23.047 5.296
42.000 5.639 24.516 5.128
43.000 6.313 25.294 5.083
44.000 7.318 26.429 4.677
45.000 7.629 28.226 3.856
46.000 8.380 29.837 2.938
47.000 8.339 31.667 2.133
48.000 7.925 33.591 1.776
49.000 6.960 34.541 1.505
50.000 5.788 34.908 1.056
51.000 5.402 35.014 0.538
52.000 5.008 34.197 0.074
53.000 3.740 33.965 0.000
54.000 3.152 32.902 0.000
55.000 3.158 31.819 0.423
56.000 2.734 31.434 0.477
57.000 2.275 30.745 0.089
58.000 2.222 30.899 0.000
59.000 2.081 30.732 0.885
60.000 1.142 31.383 1.869
