0.000 5.796 8.898 3.542
1.000 6.480 9.290 3.672
2.000 6.654 9.722 4.049
3.000 6.155 10.801 3.987
4.000 5.756 12.274 3.867
5.000 5.041 13.377 3.861
6.000 4.064 13.737 4.257
7.000 3.378 13.374 4.376
8.000 2.069 12.290 4.591
9.000 1.734 12.023 4.819
10.000 0.884 12.050 5.308
11.000 0.000 11.758 5.956
12.000 0.328 11.321 6.663
13.000 0.781 10.754 7.259
14.000 1.635 9.518 7.940
15.000 2.020 7.792 8.849
16.000 2.314 6.320 10.170
17.000 1.688 4.961 11.497
18.000 1.849 3.265 12.545
19.000 1.314 2.529 13.498
20.000 1.184 1.512 14.710
21.000 1.104 0.000 15.953
22.000 1.919 0.249 17.695
23.000 3.033 0.000 19.304
24.000 4.524 0.000 20.000
25.000 6.291 0.187 19.779
26.000 7.787 0.653 19.437
27.000 9.627 1.429 19.535
28.000 11.274 2.562 19.456
29.000 12.692 3.943 19.740
30.000 14.238 5.137 20.000
31.000 16.169 5.515 19.637
32.000 17.897 6.473 19.327
33.000 19.417 7.768 19.431
34.000 20.267 8.630 20.000
35.000 20.888 9.000 20.000
36.000 20.859 8.551 20.000
37.000 20.009 8.479 20.000
38.000 19.688 8.048 20.000
39.000 19.110 6.725 20.000
40.000 17.784 6.293 19.576
41.000 16.325 5.133 18.893
42.000 15.616 3.839 18.320
43.000 15.534 2.492 18.181
44.000 16.423 1.862 18.153
45.000 17.983 0.663 17.791
46.000 19.827 0.000 17.749
47.000 21.702 0.624 18.057
48.000 23.361 0.267 18.530
49.000 25.218 0.000 18.539
50.000 27.193 0.279 18.641
51.000 28.827 0.453 19.171
52.000 30.783 0.492 19.588
53.000 31.992 1.489 19.743
54.000 32.333 1.546 19.515
55.000 32.012 2.026 19.480
56.000 32.615 2.812 19.444
57.000 32.494 3.188 19.466
58.000 33.262 3.689 19.200
59.000 34.029 4.771 18.829
60.000 35.252 5.369 18.857
