0.000 4.200 7.400 2.248
1.000 5.903 7.164 2.537
2.000 7.896 7.023 2.613
3.000 9.036 6.476 3.140
4.000 9.348 5.830 3.250
5.000 10.143 4.614 3.450
6.000 10.267 3.082 3.977
7.000 11.150 2.138 4.634
8.000 12.648 0.835 4.874
9.000 13.914 0.000 5.233
10.000 14.630 1.547 5.901
11.000 16.108 2.205 6.114
12.000 17.917 2.951 6.527
13.000 18.953 3.928 7.108
14.000 19.508 4.201 7.418
15.000 20.971 4.461 7.884
16.000 22.871 4.570 8.497
17.000 23.791 5.024 8.615
18.000 24.672 5.650 8.683
19.000 25.746 6.074 8.742
20.000 27.171 6.219 8.350
21.000 28.797 5.530 7.684
22.000 29.452 5.508 7.297
23.000 29.515 6.204 6.894
24.000 29.302 6.218 6.768
25.000 29.806 5.973 6.582
26.000 30.968 5.385 6.802
27.000 32.086 4.054 7.079
28.000 32.808 3.320 6.878
29.000 33.322 3.265 6.934
30.000 34.210 2.422 6.954
31.000 34.500 1.248 7.175
32.000 35.650 0.000 7.109
33.000 36.815 1.560 6.649
34.000 38.112 2.774 5.833
35.000 39.687 3.828 5.194
36.000 41.568 3.994 4.533
37.000 43.361 3.497 3.802
38.000 44.294 2.579 3.334
39.000 44.504 1.150 3.159
40.000 43.870 0.000 2.810
41.000 42.719 0.354 2.592
42.000 41.698 0.030 1.961
43.000 40.561 0.000 1.248
44.000 39.014 0.000 0.158
45.000 37.603 0.816 0.000
46.000 36.296 2.102 0.799
47.000 35.052 3.127 1.192
48.000 33.847 3.724 1.950
49.000 32.450 3.743 2.427
50.000 30.822 2.870 2.982
51.000 28.931 2.893 3.633
52.000 26.941 3.016 3.788
53.000 25.456 4.117 4.018
54.000 23.853 4.370 4.235
55.000 22.388 5.164 4.480
56.000 21.711 5.103 4.783
57.000 20.716 4.484 5.527
58.000 19.364 3.419 6.546
59.000 18.335 2.190 7.594
60.000 17.248 1.215 8.579
