0.000 0.413 9.547 3.249
1.000 0.000 10.783 2.945
2.000 0.000 11.817 3.120
3.000 0.000 12.050 3.594
4.000 0.000 13.122 4.449
5.000 0.467 13.211 4.897
6.000 0.935 13.375 5.211
7.000 1.188 13.300 5.101
8.000 1.494 12.450 5.160
9.000 2.185 10.697 4.933
10.000 2.274 8.720 4.641
11.000 2.333 6.760 4.249
12.000 2.250 4.825 3.753
13.000 2.127 2.996 2.952
14.000 2.838 1.183 2.642
15.000 3.953 0.000 2.012
16.000 5.669 0.491 1.110
17.000 6.697 1.466 0.000
18.000 8.168 2.264 0.239
19.000 9.716 3.525 0.121
20.000 11.022 4.094 0.000
21.000 12.361 5.580 0.008
22.000 12.692 7.532 0.000
23.000 13.345 9.421 0.068
24.000 14.777 10.392 0.349
25.000 16.197 11.746 0.737
26.000 17.237 13.351 1.322
27.000 18.538 14.430 2.317
28.000 19.868 15.662 3.163
29.000 21.433 16.354 4.197
30.000 23.317 16.233 4.858
31.000 25.230 16.769 5.090
32.000 26.185 17.030 5.499
33.000 27.919 17.483 5.454
34.000 28.957 18.128 5.473
35.000 30.039 18.984 5.217
36.000 31.679 20.081 4.891
37.000 33.379 21.132 4.810
38.000 35.172 21.888 4.349
39.000 36.204 23.362 3.476
40.000 37.421 24.924 3.197
41.000 38.811 26.134 2.803
42.000 39.636 26.660 2.634
43.000 39.766 27.969 2.724
44.000 39.146 29.845 3.035
45.000 38.082 30.939 3.773
46.000 37.298 32.451 4.766
47.000 36.836 34.251 5.507
48.000 35.667 35.777 6.056
49.000 34.664 37.381 6.707
50.000 33.481 38.832 7.409
51.000 32.649 40.336 8.029
52.000 31.719 41.866 8.456
53.000 31.394 43.489 8.684
54.000 30.758 45.377 8.855
55.000 30.943 47.254 8.625
56.000 31.764 49.040 8.256
57.000 32.996 50.613 8.162
58.000 33.830 52.083 7.991
59.000 33.968 54.036 7.581
60.000 34.003 55.941 7.291
