0.000 7.873 4.075 0.122
1.000 8.031 3.820 0.720
2.000 8.706 3.486 1.418
3.000 8.740 3.396 2.213
4.000 9.070 3.650 3.189
5.000 10.379 4.062 3.942
6.000 11.631 5.219 4.853
7.000 13.211 5.981 5.814
8.000 14.352 6.036 7.131
9.000 15.736 6.865 8.312
10.000 16.979 8.020 9.370
11.000 18.303 9.328 10.103
12.000 19.338 10.739 11.072
13.000 19.894 12.598 11.557
14.000 19.766 14.059 12.169
15.000 20.224 15.216 13.121
16.000 19.696 16.026 13.672
17.000 19.495 16.417 13.811
18.000 19.508 16.235 14.295
19.000 18.635 15.079 14.857
20.000 17.056 14.385 14.929
21.000 16.158 14.589 14.604
22.000 15.403 15.073 13.780
23.000 15.340 15.967 12.508
24.000 14.803 16.463 11.631
25.000 14.233 17.882 10.818
26.000 14.419 19.826 10.385
27.000 15.569 21.232 9.601
28.000 15.964 22.146 8.396
29.000 15.698 23.433 7.662
30.000 15.218 25.242 6.957
31.000 15.030 27.189 6.543
32.000 14.732 28.926 5.846
33.000 14.453 30.646 4.863
34.000 14.300 32.434 3.981
35.000 14.801 33.602 3.019
36.000 14.849 35.037 1.801
37.000 14.103 35.608 0.832
38.000 12.403 36.274 0.194
39.000 10.554 36.577 0.000
40.000 8.902 36.050 0.748
41.000 7.049 36.014 1.457
42.000 5.903 36.350 2.317
43.000 4.089 35.825 2.873
44.000 3.101 36.076 3.635
45.000 3.002 36.637 4.712
46.000 3.524 36.623 6.024
47.000 4.480 36.452 7.772
48.000 4.766 35.769 9.630
49.000 5.701 35.724 11.077
50.000 6.596 36.351 12.752
51.000 8.007 37.029 13.997
52.000 9.443 37.222 15.375
53.000 10.340 37.703 16.861
54.000 11.626 37.524 18.382
55.000 13.292 37.553 19.489
56.000 14.884 36.850 20.000
57.000 16.837 36.632 20.000
58.000 18.491 36.178 19.605
59.000 19.268 34.897 19.407
60.000 19.900 33.844 19.566
