0.000 7.469 9.794 2.430
1.000 7.365 9.009 2.107
2.000 8.134 8.179 1.726
3.000 9.533 8.054 0.955
4.000 11.187 8.332 0.182
5.000 12.770 9.132 0.000
6.000 14.334 10.269 0.509
7.000 15.107 11.029 0.763
8.000 15.884 12.715 1.475
9.000 15.898 14.707 1.658
10.000 16.483 16.612 1.829
11.000 17.268 18.451 1.812
12.000 17.786 20.375 1.983
13.000 17.665 21.746 2.164
14.000 16.792 23.467 2.689
15.000 15.502 24.907 3.201
16.000 14.137 26.273 3.721
17.000 13.335 26.963 4.639
18.000 11.731 27.568 5.631
19.000 10.799 28.881 6.640
20.000 10.329 29.966 7.784
21.000 10.007 30.729 9.281
22.000 9.393 31.742 10.892
23.000 8.373 33.088 11.963
24.000 7.425 33.807 13.254
25.000 6.958 33.624 14.830
26.000 6.220 33.087 16.609
27.000 5.120 32.687 18.231
28.000 4.118 32.734 19.961
29.000 3.328 33.277 20.000
30.000 3.282 33.648 19.261
31.000 2.654 34.855 18.531
32.000 2.970 36.604 17.614
33.000 2.707 37.555 16.355
34.000 1.553 38.237 15.112
35.000 0.000 39.031 14.146
36.000 0.299 38.947 12.860
37.000 0.327 39.246 11.433
38.000 1.289 40.178 9.948
39.000 2.765 40.597 8.665
40.000 4.261 41.709 7.938
41.000 5.186 43.252 7.066
42.000 6.633 44.441 6.362
43.000 7.033 46.228 5.559
44.000 7.365 48.069 4.852
45.000 8.101 49.904 4.551
46.000 9.734 50.887 4.563
47.000 11.414 51.870 5.024
48.000 12.825 52.333 5.660
49.000 14.602 52.897 6.384
50.000 16.183 53.903 7.083
51.000 18.014 54.576 7.525
52.000 19.151 55.812 8.442
53.000 20.156 57.438 9.032
54.000 20.951 58.586 10.090
55.000 21.052 60.358 11.012
56.000 20.799 62.119 11.924
57.000 21.193 63.439 12.674
58.000 21.629 64.035 13.671
59.000 23.045 64.857 14.820
60.000 24.837 64.869 15.707
