0.000 3.644 4.186 0.071
1.000 2.437 3.869 0.000
2.000 1.694 3.696 0.000
3.000 1.513 3.128 0.307
4.000 1.517 1.762 0.959
5.000 2.022 0.254 1.978
6.000 1.687 0.000 2.852
7.000 0.687 1.416 3.539
8.000 0.000 2.787 4.467
9.000 0.908 3.444 5.787
10.000 1.951 3.738 7.321
11.000 3.245 4.066 8.811
12.000 4.388 4.896 10.227
13.000 5.338 6.054 11.348
14.000 6.757 7.290 12.025
15.000 8.379 8.330 12.563
16.000 9.836 8.895 13.263
17.000 11.456 8.526 13.597
18.000 12.262 8.212 14.274
19.000 13.052 7.039 14.821
20.000 14.286 6.643 15.428
21.000 16.056 6.496 15.842
22.000 17.338 5.778 16.407
23.000 18.098 4.629 17.012
24.000 18.555 3.917 17.873
25.000 18.495 2.963 18.910
26.000 18.852 1.878 20.000
27.000 19.119 0.733 18.951
28.000 19.999 0.000 17.948
29.000 21.626 0.405 17.163
30.000 22.746 1.586 16.796
31.000 22.936 3.192 16.765
32.000 22.960 4.801 17.225
33.000 23.727 6.486 17.983
34.000 24.614 7.408 18.488
35.000 26.019 8.798 18.794
36.000 26.866 10.559 19.220
37.000 26.991 12.196 19.194
38.000 27.230 13.193 19.109
39.000 26.962 13.686 19.119
40.000 26.416 14.271 18.786
41.000 25.095 14.670 18.449
42.000 23.591 15.644 17.747
43.000 21.852 16.447 17.172
44.000 20.734 16.308 16.533
45.000 19.218 16.623 16.132
46.000 18.124 16.185 15.753
47.000 16.311 16.250 14.910
48.000 14.793 16.911 13.788
49.000 13.687 18.368 12.981
50.000 13.086 20.074 12.127
51.000 11.942 21.096 11.175
52.000 11.255 21.266 10.237
53.000 11.302 20.917 9.050
54.000 11.077 19.926 7.468
55.000 10.116 19.363 5.806
56.000 9.022 18.096 4.713
57.000 7.944 16.530 4.091
58.000 7.661 14.688 3.769
59.000 8.123 13.144 3.328
60.000 8.346 11.265 2.879
