0.000 5.284 2.149 0.253
1.000 4.939 1.356 0.384
2.000 5.293 0.000 0.423
3.000 4.945 1.017 0.208
4.000 3.816 2.635 0.000
5.000 2.545 4.171 0.000
6.000 1.579 5.872 0.417
7.000 1.098 7.776 0.630
8.000 0.387 9.590 1.082
9.000 0.000 11.408 1.174
10.000 0.000 12.986 1.325
11.000 0.000 14.693 1.602
12.000 0.617 16.297 2.045
13.000 0.560 17.596 2.053
14.000 0.058 19.291 1.996
15.000 0.000 20.178 2.024
16.000 0.727 20.193 2.506
17.000 0.490 20.446 2.692
18.000 0.336 20.206 2.837
19.000 0.322 19.527 3.156
20.000 0.000 18.433 3.897
21.000 0.000 17.665 4.283
22.000 0.000 16.499 4.887
23.000 0.479 16.096 5.482
24.000 1.367 16.192 6.398
25.000 2.023 15.757 6.818
26.000 2.391 14.466 7.467
27.000 2.526 12.552 8.033
28.000 2.791 10.621 8.478
29.000 3.202 8.686 8.775
30.000 3.213 6.755 9.295
31.000 3.920 5.162 9.878
32.000 4.387 4.366 10.092
33.000 5.612 3.930 9.902
34.000 7.398 4.387 9.458
35.000 8.857 5.561 8.757
36.000 10.580 6.196 8.266
37.000 12.566 6.180 8.169
38.000 13.579 6.772 8.524
39.000 15.300 7.510 9.226
40.000 16.969 8.280 10.014
41.000 18.197 9.688 10.729
42.000 18.596 11.143 11.476
43.000 19.018 12.826 12.377
44.000 18.500 13.653 13.505
45.000 17.919 14.750 14.178
46.000 17.881 15.044 14.509
47.000 18.426 14.575 14.468
48.000 18.695 13.112 14.097
49.000 19.447 12.305 14.079
50.000 19.223 11.079 14.146
51.000 19.391 9.993 13.724
52.000 18.980 8.693 13.339
53.000 17.707 7.704 12.461
54.000 16.165 6.503 12.039
55.000 14.399 5.788 11.430
56.000 12.746 4.694 11.164
57.000 11.059 3.621 11.104
58.000 9.689 2.889 10.645
59.000 8.264 2.215 10.049
60.000 7.019 1.471 9.180
