0.000 1.603 9.166 2.796
1.000 2.501 9.766 2.041
2.000 2.918 11.241 1.147
3.000 3.632 12.136 0.124
4.000 4.124 12.631 0.000
5.000 4.475 13.932 0.476
6.000 5.583 15.184 0.596
7.000 5.945 15.766 0.468
8.000 6.239 15.608 0.832
9.000 5.606 16.068 1.662
10.000 5.591 17.410 2.781
11.000 5.738 18.235 3.519
12.000 5.751 19.074 4.199
13.000 6.269 19.202 4.758
14.000 5.886 19.423 5.476
15.000 5.155 20.232 6.092
16.000 4.701 20.588 7.116
17.000 3.557 20.755 8.160
18.000 1.759 21.220 8.795
19.000 0.224 22.308 9.473
20.000 0.000 23.209 10.030
21.000 0.000 24.504 10.535
22.000 0.395 26.255 11.418
23.000 0.997 27.901 12.382
24.000 2.266 29.392 12.791
25.000 3.642 30.770 13.245
26.000 4.233 32.662 13.514
27.000 3.883 34.053 13.596
28.000 3.873 35.171 13.679
29.000 4.751 36.677 14.107
30.000 6.208 38.047 14.128
31.000 7.979 38.619 13.996
32.000 9.777 39.494 13.998
33.000 11.723 39.768 14.372
34.000 13.062 39.909 14.352
35.000 14.370 40.166 13.841
36.000 14.903 41.422 13.626
37.000 14.788 42.758 13.037
38.000 13.822 44.088 12.491
39.000 13.453 45.918 11.774
40.000 13.162 47.780 11.104
41.000 12.179 49.089 10.245
42.000 11.592 50.340 9.316
43.000 10.838 51.823 8.458
44.000 9.831 52.540 7.714
45.000 8.709 52.315 7.216
46.000 7.062 51.293 7.082
47.000 5.638 50.221 7.280
48.000 4.155 48.893 7.468
49.000 3.109 47.188 7.422
50.000 1.916 45.588 7.296
51.000 0.513 44.212 6.923
52.000 0.070 43.641 6.973
53.000 0.000 42.863 7.031
54.000 0.496 42.671 6.647
55.000 1.521 42.406 6.072
56.000 2.995 41.434 5.186
57.000 4.789 40.810 4.560
58.000 6.669 40.922 3.887
59.000 8.190 41.865 2.994
60.000 9.946 42.210 2.159
