0.000 5.485 4.239 1.685
1.000 6.317 4.367 1.670
2.000 7.249 5.129 1.444
3.000 9.040 5.770 1.006
4.000 10.813 6.496 0.821
5.000 12.770 6.907 0.868
6.000 14.727 6.516 0.997
7.000 16.499 5.599 0.848
8.000 17.970 5.260 0.888
9.000 19.920 5.677 1.043
10.000 21.906 5.907 1.036
11.000 23.561 6.467 0.994
12.000 25.163 7.617 0.660
13.000 26.667 8.869 0.249
14.000 28.299 10.017 0.112
15.000 29.858 11.238 0.391
16.000 30.950 12.056 0.206
17.000 32.219 12.344 0.152
18.000 32.555 12.645 0.213
19.000 32.228 13.487 0.356
20.000 31.434 13.743 0.540
21.000 31.475 14.279 0.598
22.000 31.733 14.406 0.622
23.000 32.226 14.524 0.699
24.000 32.958 13.768 0.935
25.000 32.744 12.844 0.904
26.000 32.974 10.964 1.309
27.000 33.332 9.021 1.619
28.000 33.691 7.054 1.639
29.000 33.254 5.126 1.943
30.000 32.124 4.009 2.253
31.000 30.557 3.049 2.974
32.000 29.982 2.991 4.055
33.000 28.579 1.972 4.843
34.000 27.911 1.222 5.264
35.000 26.744 0.381 5.462
36.000 24.797 0.236 5.896
37.000 23.411 0.264 6.267
38.000 21.683 0.328 6.504
39.000 19.758 0.716 6.886
40.000 17.841 0.384 7.350
41.000 16.434 0.000 8.170
42.000 14.683 0.387 9.054
43.000 13.929 1.751 9.780
44.000 14.166 3.092 10.193
45.000 14.019 3.673 10.529
46.000 13.803 3.444 10.896
47.000 13.268 4.095 10.794
48.000 13.693 5.196 10.233
49.000 14.072 6.179 9.392
50.000 14.861 6.886 9.050
51.000 15.184 7.184 9.083
52.000 16.099 8.236 8.950
53.000 16.723 8.707 8.375
54.000 17.720 9.659 8.019
55.000 18.215 10.836 7.356
56.000 19.500 11.802 6.535
57.000 20.359 12.994 5.709
58.000 22.217 13.286 5.199
59.000 23.358 14.522 4.740
60.000 23.860 14.760 4.348
