0.000 5.489 9.745 0.759
1.000 6.297 9.553 1.315
2.000 6.502 9.155 1.425
3.000 6.414 8.274 1.361
4.000 7.114 6.609 1.776
5.000 7.815 4.774 2.151
6.000 9.169 3.310 2.307
7.000 11.101 2.833 2.299
8.000 12.710 2.695 1.901
9.000 13.685 1.883 1.338
10.000 13.911 1.860 0.534
11.000 13.826 1.416 0.000
12.000 14.602 0.182 0.837
13.000 16.130 0.000 1.699
14.000 16.845 1.351 2.750
15.000 17.638 2.840 3.823
16.000 17.757 4.127 5.081
17.000 17.981 5.771 6.197
18.000 18.834 6.932 7.253
19.000 19.765 8.466 8.136
20.000 19.965 9.590 9.108
21.000 20.493 9.913 10.108
22.000 20.239 10.488 11.451
23.000 19.334 10.467 12.944
24.000 18.835 9.863 14.398
25.000 18.000 8.882 15.633
26.000 16.797 7.949 16.684
27.000 15.133 6.955 17.176
28.000 13.758 6.898 17.473
29.000 13.070 7.468 18.122
30.000 13.283 7.213 18.609
31.000 14.283 7.475 19.160
32.000 15.772 7.130 19.404
33.000 16.852 6.827 19.224
34.000 18.654 5.960 19.283
35.000 20.273 4.813 19.031
36.000 21.352 3.362 18.606
37.000 22.470 1.802 18.042
38.000 24.037 0.851 17.839
39.000 25.995 0.556 17.560
40.000 27.878 0.000 17.502
41.000 28.818 0.000 16.956
42.000 28.798 0.107 16.677
43.000 28.733 0.000 16.766
44.000 28.249 0.000 17.137
45.000 28.485 0.000 17.709
46.000 29.487 0.410 18.569
47.000 29.609 0.405 19.898
48.000 29.572 0.320 20.000
49.000 29.668 0.180 18.737
50.000 30.175 0.000 17.011
51.000 31.009 0.393 15.295
52.000 32.107 0.680 13.648
53.000 32.571 0.327 12.391
54.000 32.601 0.869 10.701
55.000 31.861 1.500 9.152
56.000 31.459 2.923 7.864
57.000 30.354 4.126 6.711
58.000 29.563 5.413 5.400
59.000 28.253 5.826 3.947
60.000 26.933 6.730 2.746
