0.000 5.578 6.234 0.201
1.000 6.134 6.885 0.067
2.000 6.651 7.601 0.278
3.000 6.185 7.882 0.968
4.000 6.136 9.122 1.213
5.000 5.573 10.991 1.128
6.000 4.145 12.341 0.758
7.000 3.078 13.728 0.338
8.000 2.286 15.562 0.247
9.000 2.365 17.377 0.000
10.000 2.199 18.901 0.000
11.000 1.729 19.907 0.266
12.000 0.978 20.696 0.384
13.000 0.197 22.025 0.668
14.000 0.000 23.592 0.787
15.000 0.202 24.919 0.474
16.000 0.000 25.996 0.000
17.000 0.712 27.132 0.562
18.000 1.573 28.002 1.123
19.000 3.222 28.558 1.289
20.000 5.216 28.701 1.266
21.000 7.187 28.410 1.094
22.000 8.498 28.595 1.092
23.000 10.137 29.520 1.330
24.000 11.656 29.468 1.958
25.000 13.555 28.966 2.331
26.000 14.569 28.829 2.483
27.000 15.458 29.186 2.727
28.000 15.966 28.900 2.519
29.000 15.849 28.812 2.166
30.000 14.830 29.161 1.426
31.000 13.449 29.178 1.068
32.000 11.601 29.103 0.306
33.000 10.162 28.961 0.000
34.000 8.431 29.360 0.000
35.000 7.105 28.799 0.027
36.000 5.374 27.823 0.255
37.000 3.406 27.555 0.056
38.000 1.517 27.085 0.000
39.000 0.302 27.005 0.352
40.000 0.000 26.069 0.777
41.000 1.598 24.923 1.142
42.000 3.474 24.321 1.488
43.000 5.219 23.419 1.861
44.000 6.389 22.215 2.356
45.000 6.838 21.994 3.075
46.000 7.916 21.259 4.027
47.000 9.535 20.633 5.021
48.000 10.239 19.570 6.236
49.000 11.391 18.503 7.474
50.000 12.121 18.387 8.760
51.000 11.928 18.740 9.686
52.000 10.849 19.783 11.008
53.000 9.829 21.066 12.155
54.000 8.634 21.499 13.531
55.000 7.641 22.564 14.902
56.000 6.818 22.963 16.349
57.000 6.449 23.257 17.316
58.000 5.584 22.903 18.107
59.000 4.511 22.756 19.244
60.000 2.976 22.029 20.000
