0.000 3.070 6.500 3.110
1.000 2.825 6.512 3.307
2.000 2.113 6.854 3.591
3.000 1.480 7.694 4.126
4.000 0.867 7.553 4.981
5.000 1.163 7.348 5.504
6.000 0.542 7.189 6.452
7.000 0.089 6.401 7.238
8.000 0.019 4.740 8.069
9.000 0.175 2.777 8.420
10.000 0.355 0.852 8.934
11.000 0.187 0.000 9.549
12.000 0.624 1.037 9.894
13.000 0.334 2.947 10.410
14.000 0.189 4.830 11.067
15.000 0.000 6.714 11.445
16.000 0.000 8.694 11.443
17.000 0.241 10.680 11.406
18.000 0.570 12.651 11.338
19.000 1.382 14.470 11.159
20.000 2.211 16.219 10.655
21.000 3.050 18.021 10.432
22.000 3.331 19.987 10.665
23.000 4.148 21.408 10.696
24.000 4.934 22.525 10.555
25.000 5.134 23.240 10.501
26.000 5.430 23.119 9.970
27.000 5.348 23.502 9.396
28.000 4.367 24.533 8.438
29.000 4.157 26.050 7.962
30.000 3.556 27.880 7.424
31.000 2.845 29.718 7.080
32.000 2.092 31.558 6.865
33.000 0.555 32.831 7.005
34.000 0.000 34.392 6.910
35.000 1.194 35.993 7.015
36.000 1.393 37.821 7.618
37.000 1.319 39.524 8.664
38.000 1.435 41.438 9.232
39.000 1.598 42.697 10.207
40.000 1.006 44.386 11.100
41.000 0.296 45.144 12.098
42.000 0.000 45.820 13.185
43.000 0.164 46.175 13.968
44.000 1.309 47.004 14.295
45.000 2.528 48.565 14.569
46.000 4.264 49.465 14.991
47.000 5.285 50.319 15.103
48.000 6.504 51.490 14.932
49.000 6.825 53.344 14.667
50.000 6.542 55.319 14.536
51.000 6.657 57.261 14.071
52.000 6.173 59.116 13.500
53.000 5.248 60.709 12.720
54.000 4.087 62.260 12.225
55.000 2.872 63.706 11.567
56.000 1.822 65.184 10.724
57.000 0.520 66.611 10.204
58.000 0.000 68.087 9.748
59.000 0.729 69.159 9.016
60.000 0.950 69.679 8.491
