0.000 6.464 9.309 4.229
1.000 7.355 9.286 4.926
2.000 7.260 8.588 5.546
3.000 6.902 8.803 6.508
4.000 7.296 9.858 7.879
5.000 8.113 11.472 8.733
6.000 8.354 13.410 9.165
7.000 8.763 15.368 9.207
8.000 9.761 17.096 9.334
9.000 10.821 18.776 9.567
10.000 12.543 19.790 9.502
11.000 13.610 19.842 9.302
12.000 14.728 19.429 9.014
13.000 16.406 18.340 9.005
14.000 18.015 17.969 9.224
15.000 18.868 17.304 9.731
16.000 19.783 16.382 10.044
17.000 20.975 14.958 10.473
18.000 21.902 13.410 11.336
19.000 22.442 11.663 12.146
20.000 23.219 9.849 12.472
21.000 23.818 7.941 12.480
22.000 25.195 6.656 12.898
23.000 25.594 5.028 12.869
24.000 26.603 3.587 13.105
25.000 27.762 1.990 13.428
26.000 28.696 0.223 13.342
27.000 28.860 0.000 12.990
28.000 29.609 0.307 12.231
29.000 31.110 0.817 11.242
30.000 32.604 1.287 9.999
31.000 33.703 2.343 8.703
32.000 34.914 2.483 7.866
33.000 36.702 3.151 7.459
34.000 38.110 4.012 7.020
35.000 40.089 4.305 7.024
36.000 41.074 5.481 7.427
37.000 41.307 6.006 7.988
38.000 40.654 6.471 8.196
39.000 39.783 6.318 8.465
40.000 39.356 6.970 8.259
41.000 39.074 8.192 8.506
42.000 39.362 9.992 8.357
43.000 39.038 11.965 8.409
44.000 39.468 13.902 8.158
45.000 39.488 15.194 7.612
46.000 40.204 15.988 6.683
47.000 40.730 17.395 5.363
48.000 41.734 18.501 4.285
49.000 42.443 19.951 3.104
50.000 43.739 21.260 2.325
51.000 45.009 22.675 1.707
52.000 45.647 24.377 1.238
53.000 47.148 25.197 0.451
54.000 48.811 25.546 0.000
55.000 50.444 26.424 0.751
56.000 52.254 26.596 1.583
57.000 53.914 27.250 2.486
58.000 55.855 26.972 2.882
59.000 57.787 26.560 3.195
60.000 59.237 26.592 3.361
