0.000 4.293 9.669 3.497
1.000 3.319 9.887 2.900
2.000 2.686 11.035 2.710
3.000 2.438 12.217 2.521
4.000 1.648 14.028 2.752
5.000 0.762 15.783 3.119
6.000 0.442 17.674 3.686
7.000 0.000 19.409 4.290
8.000 0.000 21.230 5.010
9.000 0.893 22.985 5.360
10.000 2.368 23.943 5.422
11.000 3.568 25.281 5.300
12.000 5.033 26.007 4.837
13.000 6.348 27.196 4.307
14.000 6.903 28.275 4.085
15.000 7.120 30.114 3.581
16.000 7.749 32.010 3.484
17.000 7.559 33.988 3.253
18.000 7.621 35.961 2.934
19.000 8.045 37.887 2.599
20.000 7.643 39.348 1.994
21.000 6.826 41.150 1.705
22.000 5.885 42.899 1.468
23.000 5.198 44.777 1.427
24.000 4.794 45.770 1.593
25.000 4.677 47.297 1.981
26.000 4.689 49.127 2.789
27.000 5.366 50.134 3.319
28.000 5.566 51.604 4.204
29.000 6.033 53.449 4.820
30.000 6.406 54.525 5.095
31.000 5.899 54.615 5.347
32.000 6.350 53.934 5.511
33.000 6.889 52.350 5.802
34.000 7.262 50.639 5.733
35.000 7.791 49.374 5.429
36.000 8.110 48.486 5.480
37.000 8.355 47.664 5.201
38.000 9.422 47.838 4.465
39.000 10.131 48.060 4.117
40.000 11.005 48.343 4.164
41.000 12.133 49.468 4.097
42.000 13.568 50.514 3.737
43.000 15.410 51.063 3.185
44.000 17.385 50.755 3.110
45.000 19.100 49.775 2.798
46.000 20.686 48.558 2.863
47.000 21.780 47.142 3.296
48.000 22.754 46.506 4.075
49.000 24.415 45.605 4.730
50.000 25.401 44.143 5.411
51.000 26.712 42.811 6.124
52.000 28.408 41.858 6.588
53.000 30.062 40.746 6.754
54.000 31.578 40.445 7.012
55.000 33.228 39.683 7.190
56.000 35.026 39.413 7.456
57.000 36.729 38.566 8.074
58.000 38.590 37.901 8.383
59.000 40.369 36.993 8.290
60.000 41.213 36.118 8.676
