0.000 7.305 9.014 2.409
1.000 7.289 10.001 3.130
2.000 6.534 11.770 3.679
3.000 5.478 13.383 4.212
4.000 5.232 15.240 4.675
5.000 4.832 17.200 4.667
6.000 3.770 18.552 4.617
7.000 2.033 19.487 4.290
8.000 0.835 20.021 4.456
9.000 0.000 19.649 4.686
10.000 0.631 19.373 4.570
11.000 0.749 18.378 4.786
12.000 0.956 17.923 5.085
13.000 1.236 18.239 5.048
14.000 0.872 17.649 5.451
15.000 1.227 16.363 5.814
16.000 2.458 15.781 6.276
17.000 3.697 14.522 7.098
18.000 5.066 13.178 7.664
19.000 5.443 12.084 8.339
20.000 6.658 11.243 8.891
21.000 7.309 9.547 9.720
22.000 6.981 7.995 10.889
23.000 7.472 6.533 12.075
24.000 7.798 4.951 13.255
25.000 8.647 3.408 14.202
26.000 9.311 2.726 15.341
27.000 10.698 2.557 16.772
28.000 11.966 3.312 18.052
29.000 13.751 3.825 18.793
30.000 14.749 5.139 19.330
31.000 16.010 6.692 19.359
32.000 16.749 8.167 19.235
33.000 17.359 9.240 19.282
34.000 18.014 11.109 19.001
35.000 17.896 13.079 19.069
36.000 17.945 15.043 19.444
37.000 18.488 16.197 20.000
38.000 18.639 16.688 19.863
39.000 17.875 16.883 19.618
40.000 18.018 17.716 19.602
41.000 19.062 18.172 19.819
42.000 20.621 19.221 20.000
43.000 21.961 20.689 20.000
44.000 23.332 22.114 20.000
45.000 24.594 23.096 19.705
46.000 25.323 23.532 19.188
47.000 26.536 23.018 18.512
48.000 27.772 23.330 17.675
49.000 28.640 23.872 17.021
50.000 29.251 24.645 16.069
51.000 30.377 25.916 15.014
52.000 31.128 27.516 14.077
53.000 31.231 29.312 13.203
54.000 30.437 30.414 12.592
55.000 29.513 32.002 11.801
56.000 28.549 33.031 10.857
57.000 28.456 33.421 9.604
58.000 27.875 33.969 8.028
59.000 27.687 34.209 6.181
60.000 26.917 35.062 4.544
