0.000 1.803 9.529 3.623
1.000 2.101 9.887 3.938
2.000 2.570 10.051 3.826
3.000 2.419 9.476 3.740
4.000 1.529 8.344 3.872
5.000 0.374 6.747 4.210
6.000 0.000 4.930 4.444
7.000 1.048 3.816 4.779
8.000 2.191 2.186 4.972
9.000 3.365 0.592 5.257
10.000 3.663 0.000 5.089
11.000 4.283 1.422 5.141
12.000 4.898 2.133 5.576
13.000 4.755 3.125 5.725
14.000 4.275 3.467 5.548
15.000 4.097 4.220 5.678
16.000 4.580 4.509 5.396
17.000 5.253 5.149 5.339
18.000 6.432 6.204 4.829
19.000 6.982 8.090 4.736
20.000 6.534 9.344 5.078
21.000 7.016 10.814 5.497
22.000 8.091 12.498 5.591
23.000 8.743 14.367 5.876
24.000 9.183 16.003 5.824
25.000 9.683 17.880 5.350
26.000 9.886 19.796 5.016
27.000 9.266 21.458 4.781
28.000 8.415 23.263 4.919
29.000 8.040 24.135 5.440
30.000 8.330 24.148 5.551
31.000 8.449 24.393 5.765
32.000 9.195 25.457 5.789
33.000 8.999 26.310 6.193
34.000 8.421 27.370 7.044
35.000 7.428 29.002 7.637
36.000 7.270 30.901 8.243
37.000 6.529 32.533 9.131
38.000 5.451 34.180 9.485
39.000 3.839 35.237 10.012
40.000 3.049 36.879 10.837
41.000 2.188 38.530 11.567
42.000 1.400 40.130 12.142
43.000 0.346 41.786 12.526
44.000 0.167 42.771 12.766
45.000 0.000 42.787 12.695
46.000 0.803 43.802 12.430
47.000 2.099 45.316 12.254
48.000 2.888 47.092 11.785
49.000 4.073 47.879 11.263
50.000 5.071 48.818 11.005
51.000 6.156 50.481 10.769
52.000 7.572 51.793 10.246
53.000 9.198 52.946 10.077
54.000 10.769 54.160 9.839
55.000 12.194 55.563 9.880
56.000 13.836 56.623 9.917
57.000 15.383 57.858 10.004
58.000 16.664 58.348 10.104
59.000 17.083 58.720 10.002
60.000 17.298 58.297 10.060
