0.000 2.503 8.286 1.922
1.000 3.866 7.813 2.218
2.000 5.790 7.884 2.483
3.000 7.788 7.930 2.573
4.000 9.749 7.647 2.301
5.000 11.713 7.323 2.112
6.000 13.481 6.452 1.771
7.000 14.411 6.347 0.957
8.000 15.129 5.756 0.440
9.000 15.486 5.931 0.000
10.000 15.894 6.484 0.878
11.000 16.666 7.225 1.284
12.000 17.044 8.289 1.887
13.000 18.120 8.532 2.256
14.000 19.873 9.487 2.378
15.000 21.112 10.199 2.679
16.000 22.429 10.841 3.348
17.000 24.048 10.907 3.620
18.000 25.979 10.453 3.873
19.000 27.618 9.320 4.049
20.000 28.708 8.293 4.068
21.000 30.222 7.938 3.941
22.000 32.059 7.423 3.556
23.000 33.935 6.760 3.351
24.000 35.868 6.265 3.484
25.000 37.631 5.402 3.868
26.000 38.941 4.047 4.368
27.000 39.569 3.357 4.769
28.000 40.566 1.905 4.949
29.000 41.574 0.197 5.207
30.000 42.800 0.000 5.617
31.000 43.909 0.483 5.990
32.000 45.095 0.808 6.216
33.000 47.045 1.138 6.314
34.000 48.981 0.639 6.366
35.000 50.387 1.073 6.175
36.000 52.301 1.077 5.598
37.000 54.160 1.575 5.051
38.000 56.046 2.211 4.859
39.000 57.927 2.484 5.036
40.000 59.820 2.358 5.272
41.000 61.569 3.192 5.407
42.000 63.005 3.442 5.909
43.000 64.907 3.567 6.512
44.000 66.575 3.889 6.990
45.000 67.293 5.093 7.621
46.000 67.801 6.755 8.611
47.000 67.545 8.620 9.287
48.000 67.983 9.515 9.476
49.000 67.948 11.213 10.072
50.000 68.168 12.494 10.878
51.000 67.587 14.331 11.415
52.000 66.801 16.169 11.496
53.000 65.935 17.807 11.189
54.000 64.721 19.360 10.850
55.000 64.069 21.249 10.920
56.000 62.649 22.536 11.121
57.000 62.179 23.207 10.981
58.000 62.378 23.461 11.161
59.000 62.309 22.912 11.034
60.000 62.296 21.735 11.213
