0.000 0.669 2.992 0.422
1.000 0.000 3.521 1.180
2.000 0.386 3.102 2.287
3.000 0.893 3.438 3.540
4.000 1.164 2.989 4.679
5.000 0.995 2.459 5.346
6.000 0.051 1.346 5.919
7.000 0.000 0.000 6.315
8.000 0.000 0.299 6.903
9.000 0.195 1.377 7.822
10.000 0.789 2.207 8.473
11.000 1.771 2.575 9.341
12.000 3.235 3.296 9.712
13.000 3.746 3.956 10.576
14.000 4.335 5.109 11.327
15.000 5.538 6.444 12.204
16.000 6.779 7.417 13.025
17.000 7.573 8.963 13.365
18.000 8.225 10.803 13.799
19.000 8.526 12.621 14.577
20.000 9.561 13.487 15.473
21.000 11.155 14.138 16.490
22.000 12.493 14.715 17.849
23.000 13.937 14.537 19.079
24.000 15.732 14.296 19.928
25.000 16.891 13.361 20.000
26.000 18.081 13.174 19.561
27.000 19.154 12.821 18.917
28.000 19.519 12.708 18.362
29.000 20.128 11.979 18.291
30.000 21.488 11.887 18.265
31.000 22.193 11.769 18.119
32.000 22.100 11.400 18.357
33.000 21.518 11.442 19.063
34.000 21.415 12.455 19.535
35.000 20.995 13.801 19.750
36.000 20.395 14.246 20.000
37.000 19.468 13.919 20.000
38.000 17.751 13.660 19.971
39.000 16.109 14.315 20.000
40.000 15.377 14.038 19.349
41.000 14.714 13.446 18.558
42.000 13.402 12.997 18.213
43.000 12.853 11.901 17.426
44.000 13.149 10.020 16.815
45.000 13.133 8.369 16.040
46.000 12.431 7.000 14.854
47.000 11.650 5.877 13.395
48.000 11.269 5.062 11.863
49.000 10.176 5.181 10.218
50.000 8.739 5.860 9.003
51.000 7.018 6.530 8.237
52.000 5.577 7.848 7.808
53.000 5.064 9.633 7.393
54.000 4.609 10.555 6.968
55.000 4.174 10.922 6.594
56.000 3.268 11.976 6.446
57.000 2.843 13.230 6.264
58.000 1.474 14.149 6.374
59.000 0.993 14.236 6.770
60.000 0.802 15.160 7.124
