0.000 3.379 3.613 3.706
1.000 2.855 4.292 3.923
2.000 1.574 4.741 4.307
3.000 0.923 5.514 4.581
4.000 0.613 5.305 5.006
5.000 0.000 5.044 5.201
6.000 0.413 4.420 5.291
7.000 1.427 4.400 5.660
8.000 2.530 5.065 5.850
9.000 2.984 6.614 5.922
10.000 3.684 7.608 5.747
11.000 4.589 8.617 5.308
12.000 5.345 9.401 5.346
13.000 6.950 10.393 5.870
14.000 8.731 10.657 6.453
15.000 9.837 10.435 6.717
16.000 11.508 10.474 6.798
17.000 13.424 10.882 7.201
18.000 14.935 10.962 7.169
19.000 16.745 11.773 6.914
20.000 18.306 12.992 6.637
21.000 19.933 13.488 6.112
22.000 21.715 13.861 5.286
23.000 23.557 14.479 4.809
24.000 25.309 15.428 4.637
25.000 27.163 16.140 4.406
26.000 28.667 17.347 3.875
27.000 29.364 18.797 3.199
28.000 29.621 19.852 2.369
29.000 30.613 21.298 1.968
30.000 31.871 22.713 1.324
31.000 33.478 23.720 0.690
32.000 35.252 24.378 0.041
33.000 36.934 25.442 0.000
34.000 37.954 26.143 0.557
35.000 39.345 27.526 0.947
36.000 39.795 29.406 1.458
37.000 40.841 30.926 1.738
38.000 41.951 32.558 2.062
39.000 42.420 34.499 1.957
40.000 43.297 36.283 2.178
41.000 43.324 37.848 2.060
42.000 42.619 39.705 1.828
43.000 42.414 41.323 1.915
44.000 42.341 43.280 2.320
45.000 42.324 45.280 2.311
46.000 42.401 47.263 2.564
47.000 42.763 48.731 2.383
48.000 43.811 50.304 1.730
49.000 43.942 52.047 0.758
50.000 44.617 53.456 0.000
51.000 45.101 54.878 0.779
52.000 46.362 56.376 1.184
53.000 47.856 57.704 1.275
54.000 49.692 58.240 1.777
55.000 51.680 58.436 1.872
56.000 53.014 58.915 1.701
57.000 54.070 59.588 1.148
58.000 54.130 59.429 0.210
59.000 54.250 58.613 0.000
60.000 54.503 58.734 0.562
