0.000 3.738 1.087 0.350
1.000 5.494 0.151 0.553
2.000 6.777 0.203 0.414
3.000 8.589 0.000 0.000
4.000 9.472 0.000 0.130
5.000 10.619 0.175 0.185
6.000 11.169 0.000 0.000
7.000 10.835 0.865 0.458
8.000 10.060 1.487 1.352
9.000 9.991 2.166 2.073
10.000 10.285 2.124 2.991
11.000 11.287 1.958 4.015
12.000 12.946 1.083 4.711
13.000 14.662 0.405 5.483
14.000 16.645 0.456 5.732
15.000 18.562 0.000 5.836
16.000 20.292 0.897 6.284
17.000 21.970 1.879 6.756
18.000 23.581 2.980 7.197
19.000 24.534 3.829 7.831
20.000 26.147 4.960 8.175
21.000 27.492 6.304 8.795
22.000 28.742 7.862 8.902
23.000 30.050 9.324 9.289
24.000 31.105 10.981 9.666
25.000 32.362 12.397 10.310
26.000 33.534 13.153 11.304
27.000 35.133 14.217 11.864
28.000 36.308 14.643 12.564
29.000 37.760 14.174 13.709
30.000 39.458 13.756 14.681
31.000 41.072 13.824 15.860
32.000 42.969 13.646 16.466
33.000 44.679 13.922 17.026
34.000 46.509 13.399 17.640
35.000 47.674 13.282 18.498
36.000 49.128 13.377 19.178
37.000 49.744 14.404 20.000
38.000 51.076 14.914 19.540
39.000 52.466 15.022 19.190
40.000 53.546 15.513 18.781
41.000 55.375 15.117 18.245
42.000 56.761 14.095 17.625
43.000 57.763 13.919 17.378
44.000 58.005 13.633 17.281
45.000 57.386 14.177 17.228
46.000 57.363 13.889 17.033
47.000 57.091 14.397 16.750
48.000 57.334 15.836 16.101
49.000 57.236 16.589 15.039
50.000 57.596 17.857 13.670
51.000 58.494 19.448 12.856
52.000 59.448 20.655 11.577
53.000 59.802 21.622 9.963
54.000 59.435 23.030 8.591
55.000 59.074 24.264 7.477
56.000 59.217 25.683 6.232
57.000 58.377 26.233 4.676
58.000 57.010 27.236 3.616
59.000 56.078 28.621 2.514
60.000 55.598 29.296 1.523
