0.000 6.963 0.124 3.096
1.000 7.162 0.000 2.814
2.000 8.002 0.296 2.515
3.000 8.179 0.175 2.643
4.000 8.463 0.066 2.448
5.000 8.419 0.143 2.018
6.000 7.576 0.000 1.433
7.000 6.554 0.317 1.141
8.000 6.200 0.646 0.556
9.000 5.495 1.365 0.000
10.000 3.972 1.640 0.291
11.000 2.753 2.037 1.013
12.000 1.111 3.023 1.588
13.000 0.000 3.548 2.190
14.000 1.026 3.527 3.258
15.000 1.468 4.155 4.254
16.000 1.113 3.979 5.425
17.000 0.684 3.270 6.476
18.000 0.445 2.570 7.337
19.000 0.000 2.128 8.450
20.000 0.000 0.741 9.668
21.000 0.980 0.112 10.848
22.000 1.996 0.438 11.987
23.000 2.648 0.704 13.209
24.000 3.570 0.648 14.154
25.000 3.683 1.538 14.736
26.000 4.793 2.101 14.879
27.000 6.421 3.252 15.043
28.000 7.522 4.896 15.331
29.000 8.210 5.914 15.567
30.000 8.641 7.241 15.758
31.000 9.741 8.632 16.355
32.000 11.001 10.107 16.844
33.000 11.514 11.068 17.602
34.000 11.323 11.102 18.854
35.000 11.188 11.082 20.000
36.000 10.374 11.349 19.450
37.000 10.012 12.188 18.549
38.000 9.243 13.972 18.072
39.000 8.239 15.668 17.736
40.000 7.444 17.357 17.240
41.000 7.269 18.975 17.047
42.000 6.917 20.759 16.651
43.000 6.487 22.260 16.572
44.000 6.872 23.478 16.367
45.000 7.409 24.578 16.022
46.000 7.938 26.369 15.306
47.000 9.267 27.515 14.965
48.000 10.943 27.812 14.148
49.000 12.725 28.686 13.904
50.000 13.862 30.326 13.765
51.000 14.715 32.060 13.249
52.000 15.875 33.660 12.942
53.000 17.100 35.193 12.557
54.000 18.328 36.738 12.232
55.000 19.607 38.141 11.603
56.000 20.551 38.650 10.619
57.000 21.930 39.738 9.663
58.000 22.845 40.108 8.907
59.000 24.209 40.250 8.019
60.000 24.814 40.474 7.519
