0.000 8.343 9.520 0.155
1.000 8.131 8.623 0.000
2.000 7.316 8.691 0.400
3.000 6.765 9.186 1.263
4.000 6.758 9.531 2.495
5.000 6.065 10.011 4.157
6.000 6.334 9.658 5.417
7.000 5.991 9.620 6.824
8.000 4.974 9.058 8.452
9.000 3.731 8.184 9.752
10.000 3.137 7.447 10.750
11.000 1.790 7.432 11.544
12.000 0.687 7.861 12.606
13.000 0.000 9.067 13.307
14.000 1.205 9.988 13.565
15.000 1.916 10.171 14.072
16.000 2.135 11.151 15.042
17.000 2.282 11.137 16.065
18.000 1.923 10.541 16.760
19.000 1.282 9.907 16.970
20.000 1.395 9.568 17.255
21.000 1.222 9.655 17.486
22.000 1.114 9.106 17.953
23.000 1.828 9.013 18.554
24.000 1.990 8.950 19.122
25.000 2.390 9.223 19.965
26.000 1.962 9.668 20.000
27.000 1.985 9.296 19.610
28.000 2.966 8.944 19.162
29.000 3.307 8.173 18.451
30.000 3.105 7.408 18.000
31.000 2.832 6.104 17.838
32.000 3.273 4.625 17.530
33.000 3.553 4.104 17.140
34.000 3.952 4.364 16.312
35.000 3.916 5.367 15.430
36.000 4.703 5.961 14.452
37.000 4.931 6.162 13.195
38.000 5.694 7.153 12.209
39.000 6.780 7.383 11.243
40.000 8.351 7.963 10.150
41.000 9.056 7.882 9.538
42.000 9.286 8.176 9.129
43.000 10.149 7.500 8.358
44.000 10.633 7.578 7.186
45.000 10.285 6.875 6.369
46.000 9.995 6.464 5.184
47.000 10.635 5.872 4.361
48.000 11.189 4.820 3.853
49.000 10.886 4.677 3.468
50.000 10.477 4.607 3.176
51.000 9.486 5.423 3.092
52.000 8.356 7.071 3.002
53.000 7.396 8.752 2.499
54.000 6.331 10.335 1.901
55.000 4.549 11.070 1.427
56.000 2.653 10.905 0.810
57.000 1.514 11.059 0.000
58.000 1.138 10.282 0.653
59.000 0.688 10.245 1.525
60.000 0.000 10.873 2.516
