0.000 1.339 8.810 3.730
1.000 0.852 9.637 3.627
2.000 0.000 11.226 3.720
3.000 0.000 11.904 3.972
4.000 0.746 12.177 4.590
5.000 1.310 12.547 5.247
6.000 2.248 12.996 5.906
7.000 4.134 13.071 6.519
8.000 6.006 13.162 7.098
9.000 7.870 13.353 7.799
10.000 9.204 13.665 8.645
11.000 9.947 13.766 9.781
12.000 10.323 13.280 10.440
13.000 11.586 13.424 10.829
14.000 13.536 12.977 10.841
15.000 15.412 12.522 11.001
16.000 16.468 12.351 10.775
17.000 16.578 13.028 10.772
18.000 16.655 13.520 10.291
19.000 16.892 13.192 10.127
20.000 16.553 13.548 10.141
21.000 15.430 14.887 9.745
22.000 13.618 15.564 9.677
23.000 11.769 16.072 9.923
24.000 10.014 16.683 10.308
25.000 8.619 17.260 10.853
26.000 6.729 17.224 11.508
27.000 5.773 16.974 12.506
28.000 5.548 17.055 13.550
29.000 5.984 16.967 14.866
30.000 6.037 16.310 16.677
31.000 6.864 15.336 18.216
32.000 7.199 15.171 19.310
33.000 6.919 15.870 20.000
34.000 6.134 15.835 19.967
35.000 4.416 16.733 19.748
36.000 2.763 17.035 19.752
37.000 1.844 17.542 20.000
38.000 0.020 17.491 19.815
39.000 0.000 16.768 19.996
40.000 0.500 16.132 20.000
41.000 1.779 15.044 19.600
42.000 2.836 13.657 19.598
43.000 4.198 12.229 19.923
44.000 5.935 11.238 19.893
45.000 7.373 10.501 19.729
46.000 8.119 8.917 19.229
47.000 9.239 7.384 18.600
48.000 9.984 6.215 17.598
49.000 11.609 5.341 16.826
50.000 13.417 5.040 16.529
51.000 14.379 4.991 16.470
52.000 15.362 4.576 16.677
53.000 15.347 3.468 16.462
54.000 15.324 3.258 16.035
55.000 14.874 3.265 15.242
56.000 13.921 3.553 14.462
57.000 13.299 4.749 13.443
58.000 12.438 6.014 12.155
59.000 12.420 6.824 10.383
60.000 11.447 7.161 8.886
