0.000 3.811 9.635 3.084
1.000 2.717 9.863 2.400
2.000 1.872 10.354 2.204
3.000 0.446 10.759 2.408
4.000 0.000 10.635 2.385
5.000 0.545 10.533 1.866
6.000 1.791 9.702 1.366
7.000 2.048 8.275 0.871
8.000 2.032 7.360 0.288
9.000 2.613 5.531 0.000
10.000 3.481 3.738 0.000
11.000 3.558 1.744 0.000
12.000 3.222 0.000 0.368
13.000 3.427 1.085 1.071
14.000 4.227 2.829 1.636
15.000 5.086 4.502 2.316
16.000 5.581 6.271 3.107
17.000 5.177 7.488 3.670
18.000 5.281 8.306 3.946
19.000 6.154 9.437 3.863
20.000 6.741 10.056 4.240
21.000 6.967 11.674 4.689
22.000 6.948 13.600 4.698
23.000 6.247 15.455 4.441
24.000 6.266 16.988 3.980
25.000 7.070 18.045 3.541
26.000 8.464 19.208 2.787
27.000 8.992 20.590 1.806
28.000 9.626 21.272 0.859
29.000 9.774 22.800 0.000
30.000 10.482 24.649 0.281
31.000 11.035 26.506 0.775
32.000 11.191 28.489 0.985
33.000 10.901 29.892 1.526
34.000 9.721 31.309 2.300
35.000 8.706 32.784 3.191
36.000 7.938 34.570 3.658
37.000 8.141 35.552 4.318
38.000 8.558 35.645 5.202
39.000 8.574 36.064 6.543
40.000 9.214 35.679 8.374
41.000 9.875 35.641 10.262
42.000 9.689 36.108 11.854
43.000 8.522 36.353 12.988
44.000 7.994 37.185 13.834
45.000 8.133 38.065 14.470
46.000 9.271 38.506 14.945
47.000 10.874 39.323 15.818
48.000 12.469 40.053 16.580
49.000 14.038 41.237 16.948
50.000 15.630 42.443 17.055
51.000 17.110 43.771 17.270
52.000 18.070 45.451 17.778
53.000 18.489 47.303 18.405
54.000 18.402 49.190 19.061
55.000 17.656 50.139 19.565
56.000 16.921 50.634 19.920
57.000 15.776 51.901 19.797
58.000 14.206 53.107 19.511
59.000 13.443 53.669 19.621
60.000 11.840 54.393 19.234
