0.000 7.502 3.156 1.299
1.000 6.907 2.915 1.016
2.000 5.376 2.240 0.270
3.000 3.646 1.564 0.000
4.000 2.491 1.058 0.798
5.000 2.189 0.608 1.918
6.000 1.277 1.114 2.713
7.000 0.000 0.735 3.022
8.000 0.853 0.000 3.574
9.000 1.635 0.123 4.065
10.000 1.456 0.000 4.257
11.000 2.004 0.000 4.145
12.000 1.935 0.000 3.800
13.000 2.622 0.000 3.207
14.000 2.742 0.000 2.269
15.000 3.259 0.000 1.421
16.000 3.926 0.000 0.803
17.000 5.261 0.000 0.000
18.000 6.362 0.165 0.587
19.000 7.177 0.000 1.525
20.000 8.630 0.845 2.609
21.000 10.378 1.377 3.421
22.000 12.262 1.948 3.778
23.000 13.962 1.902 3.906
24.000 15.927 2.172 4.159
25.000 16.941 2.609 3.978
26.000 17.645 3.733 3.467
27.000 18.454 5.321 2.748
28.000 18.895 6.061 2.355
29.000 19.487 7.221 2.216
30.000 19.653 9.197 2.478
31.000 19.550 10.617 3.222
32.000 18.841 11.322 4.202
33.000 17.225 11.961 5.053
34.000 15.838 12.352 5.884
35.000 14.005 12.751 6.577
36.000 12.357 13.543 7.387
37.000 11.528 13.838 8.199
38.000 10.294 14.125 8.851
39.000 8.637 15.186 9.207
40.000 7.230 16.608 9.186
41.000 5.413 17.339 8.784
42.000 3.590 17.602 8.004
43.000 1.655 17.403 7.536
44.000 0.180 17.347 7.204
45.000 0.000 18.218 7.224
46.000 0.000 18.383 7.340
47.000 0.353 17.692 7.282
48.000 0.764 16.761 6.939
49.000 1.938 16.729 6.724
50.000 2.281 15.728 6.821
51.000 2.432 15.378 6.717
52.000 1.714 14.359 6.989
53.000 0.650 14.164 7.054
54.000 0.099 13.573 6.922
55.000 0.000 12.407 6.630
56.000 0.742 11.762 6.624
57.000 1.526 11.122 6.749
58.000 2.429 10.453 6.692
59.000 4.029 10.223 6.385
60.000 5.760 9.341 5.908
