0 18 18 66
1 18 18 66
2 18 18 66
3 18 18 66
4 18 18 66
5 18 18 66
6 18 18 66
7 18 18 66
8 18 18 66
9 18 18 66
10 18 18 66
11 18 18 66
12 18 18 66
13 18 18 66
14 18 18 66
15 18 18 66
16 18 18 66
17 18 18 66
18 18 18 66
19 18 18 66
20 18 18 66
21 18 18 66
22 18 18 66
23 18 18 66
24 18 18 66
25 18 18 66
26 18 18 66
27 18 18 66
28 18 18 66
29 18 18 66
30 18 18 66
31 18 18 66
32 18 18 66
33 18 18 66
34 18 18 66
35 18 18 66
36 18 18 66
37 18 18 66
38 18 18 66
39 18 18 66
40 18 18 66
41 18 18 66
42 18 18 66
43 18 18 66
44 18 18 66
45 18 18 66
46 18 18 66
47 18 18 66
48 18 18 66
49 18 18 66
50 18 18 66
51 18 18 66
52 18 18 66
53 18 18 66
54 18 18 66
55 18 18 66
56 18 18 66
57 18 18 66
58 18 18 66
59 18 18 66
60 18 18 66
61 18 18 66
62 18 18 66
63 18 18 66
64 18 18 66
65 18 18 66
