0.0 76.89 60.04 9.32
1.0 73.55 62.61 7.95
2.0 71.66 67.37 7.53
3.0 71.04 67.19 5.58
4.0 74.43 66.12 5.82
5.0 70.70 68.36 7.71
6.0 74.30 64.41 8.99
7.0 78.09 66.94 9.86
8.0 73.56 63.55 10.97
9.0 72.30 65.11 12.65
10.0 76.33 69.23 14.23
11.0 78.25 70.17 16.11
12.0 81.37 74.50 17.86
13.0 85.63 75.74 15.94
14.0 84.04 77.89 14.90
15.0 84.19 79.02 13.27
16.0 79.95 76.22 14.15
17.0 82.86 74.72 13.22
18.0 83.44 74.97 14.28
19.0 87.77 78.87 15.88
20.0 88.19 73.92 17.41
21.0 85.77 77.12 16.93
22.0 83.85 75.34 18.48
23.0 88.74 70.69 17.22
24.0 88.08 68.54 17.01
25.0 86.43 69.28 16.71
26.0 88.96 70.17 18.70
27.0 87.33 72.30 20.00
28.0 84.07 67.44 20.00
29.0 84.78 64.66 18.32
30.0 87.68 69.26 19.16
31.0 90.79 68.27 18.08
32.0 94.77 69.71 18.30
33.0 98.33 73.54 19.55
34.0 97.80 71.44 17.90
35.0 100.00 75.28 16.65
36.0 98.08 74.31 18.41
37.0 100.00 70.20 17.31
38.0 100.00 71.77 15.63
39.0 100.00 69.05 14.73
40.0 100.00 69.21 15.26
41.0 100.00 71.86 15.44
42.0 97.86 72.66 16.55
43.0 96.53 68.54 15.04
44.0 99.73 69.70 15.63
45.0 100.00 72.74 16.43
46.0 99.88 69.40 15.14
47.0 100.00 67.49 16.69
48.0 97.70 68.97 17.20
49.0 100.00 73.38 17.45
50.0 100.00 70.14 17.39
51.0 96.46 67.76 17.83
52.0 92.85 70.97 15.92
53.0 96.42 75.23 16.08
54.0 96.67 79.46 17.18
55.0 91.91 79.90 16.73
56.0 87.74 84.23 16.40
57.0 90.77 86.70 16.18
58.0 86.04 89.32 14.43
59.0 90.39 86.88 13.16
60.0 92.84 83.92 11.31
