0 37 26 72
1 37 26 72
2 37 26 72
3 37 26 72
4 37 26 72
5 37 26 72
6 37 26 72
7 37 26 72
8 37 26 72
9 37 26 72
10 37 26 72
11 37 26 72
12 37 26 72
13 37 26 72
14 37 26 72
15 37 26 72
16 37 26 72
17 37 26 72
18 37 26 72
19 37 26 72
20 37 26 72
21 37 26 72
22 37 26 72
23 37 26 72
24 37 26 72
25 37 26 72
26 37 26 72
27 37 26 72
28 37 26 72
29 37 26 72
30 37 26 72
31 37 26 72
32 37 26 72
33 37 26 72
34 37 26 72
35 37 26 72
36 37 26 72
37 37 26 72
38 37 26 72
39 37 26 72
40 37 26 72
41 37 26 72
42 37 26 72
43 37 26 72
44 37 26 72
45 37 26 72
46 37 26 72
47 37 26 72
48 37 26 72
49 37 26 72
50 37 26 72
51 37 26 72
52 37 26 72
53 37 26 72
54 37 26 72
55 37 26 72
56 37 26 72
57 37 26 72
58 37 26 72
59 37 26 72
60 37 26 72
61 37 26 72
62 37 26 72
63 37 26 72
64 37 26 72
65 37 26 72
