0 36 19 31
1 36 19 31
2 36 19 31
3 36 19 31
4 36 19 31
5 36 19 31
6 36 19 31
7 36 19 31
8 36 19 31
9 36 19 31
10 36 19 31
11 36 19 31
12 36 19 31
13 36 19 31
14 36 19 31
15 36 19 31
16 36 19 31
17 36 19 31
18 36 19 31
19 36 19 31
20 36 19 31
21 36 19 31
22 36 19 31
23 36 19 31
24 36 19 31
25 36 19 31
26 36 19 31
27 36 19 31
28 36 19 31
29 36 19 31
30 36 19 31
31 36 19 31
32 36 19 31
33 36 19 31
34 36 19 31
35 36 19 31
36 36 19 31
37 36 19 31
38 36 19 31
39 36 19 31
40 36 19 31
41 36 19 31
42 36 19 31
43 36 19 31
44 36 19 31
45 36 19 31
46 36 19 31
47 36 19 31
48 36 19 31
49 36 19 31
50 36 19 31
51 36 19 31
52 36 19 31
53 36 19 31
54 36 19 31
55 36 19 31
56 36 19 31
57 36 19 31
58 36 19 31
59 36 19 31
60 36 19 31
61 36 19 31
62 36 19 31
63 36 19 31
64 36 19 31
65 36 19 31
