0 35 20 60
1 35 20 60
2 35 20 60
3 35 20 60
4 35 20 60
5 35 20 60
6 35 20 60
7 35 20 60
8 35 20 60
9 35 20 60
10 35 20 60
11 35 20 60
12 35 20 60
13 35 20 60
14 35 20 60
15 35 20 60
16 35 20 60
17 35 20 60
18 35 20 60
19 35 20 60
20 35 20 60
21 35 20 60
22 35 20 60
23 35 20 60
24 35 20 60
25 35 20 60
26 35 20 60
27 35 20 60
28 35 20 60
29 35 20 60
30 35 20 60
31 35 20 60
32 35 20 60
33 35 20 60
34 35 20 60
35 35 20 60
36 35 20 60
37 35 20 60
38 35 20 60
39 35 20 60
40 35 20 60
41 35 20 60
42 35 20 60
43 35 20 60
44 35 20 60
45 35 20 60
46 35 20 60
47 35 20 60
48 35 20 60
49 35 20 60
50 35 20 60
51 35 20 60
52 35 20 60
53 35 20 60
54 35 20 60
55 35 20 60
56 35 20 60
57 35 20 60
58 35 20 60
59 35 20 60
60 35 20 60
61 35 20 60
62 35 20 60
63 35 20 60
64 35 20 60
65 35 20 60
