0.0 62.39 78.67 2.57
1.0 63.35 74.98 2.66
2.0 68.12 74.87 0.92
3.0 65.10 79.39 2.27
4.0 68.67 83.53 4.04
5.0 71.52 80.07 4.06
6.0 67.96 83.89 2.94
7.0 66.89 79.28 2.35
8.0 62.38 75.18 0.71
9.0 64.51 71.85 0.30
10.0 59.88 69.21 1.51
11.0 59.13 70.18 1.52
12.0 60.89 72.97 0.98
13.0 57.69 77.76 0.00
14.0 56.72 79.58 0.00
15.0 61.21 77.59 1.39
16.0 64.06 76.93 0.21
17.0 64.39 78.34 0.00
18.0 60.87 82.32 0.25
19.0 63.58 77.93 2.05
20.0 66.20 76.17 1.14
21.0 63.13 76.53 2.61
22.0 63.08 72.68 4.31
23.0 63.98 73.67 4.97
24.0 66.10 77.08 4.12
25.0 66.32 78.81 4.92
26.0 61.81 77.76 3.83
27.0 65.00 73.70 2.09
28.0 68.38 75.62 3.66
29.0 68.41 75.71 3.61
30.0 69.17 75.73 3.86
31.0 71.30 72.63 2.11
32.0 68.77 74.06 3.10
33.0 70.38 74.57 3.29
34.0 72.31 75.45 2.48
35.0 76.62 80.19 4.28
36.0 76.90 82.63 2.86
37.0 81.59 85.47 1.49
38.0 83.07 84.86 3.42
39.0 85.96 82.43 4.31
40.0 90.33 81.25 3.74
41.0 87.59 84.67 2.50
42.0 83.12 82.38 3.48
43.0 81.42 83.15 3.30
44.0 76.57 78.81 4.66
45.0 80.79 82.73 5.66
46.0 84.33 84.89 4.90
47.0 79.90 82.37 6.56
48.0 81.55 78.63 5.93
49.0 79.51 75.64 4.22
50.0 84.20 77.64 6.03
51.0 81.87 77.51 5.80
52.0 78.16 76.82 4.30
53.0 73.75 79.27 2.58
54.0 78.57 76.70 4.51
55.0 77.90 72.69 3.78
56.0 75.04 71.13 4.36
57.0 74.16 70.95 3.74
58.0 70.81 68.27 2.53
59.0 74.28 65.05 0.65
60.0 71.29 68.97 2.10
