0 41 31 88
1 41 31 88
2 41 31 88
3 41 31 88
4 41 31 88
5 41 31 88
6 41 31 88
7 41 31 88
8 41 31 88
9 41 31 88
10 41 31 88
11 41 31 88
12 41 31 88
13 41 31 88
14 41 31 88
15 41 31 88
16 41 31 88
17 41 31 88
18 41 31 88
19 41 31 88
20 41 31 88
21 41 31 88
22 41 31 88
23 41 31 88
24 41 31 88
25 41 31 88
26 41 31 88
27 41 31 88
28 41 31 88
29 41 31 88
30 41 31 88
31 41 31 88
32 41 31 88
33 41 31 88
34 41 31 88
35 41 31 88
36 41 31 88
37 41 31 88
38 41 31 88
39 41 31 88
40 41 31 88
41 41 31 88
42 41 31 88
43 41 31 88
44 41 31 88
45 41 31 88
46 41 31 88
47 41 31 88
48 41 31 88
49 41 31 88
50 41 31 88
51 41 31 88
52 41 31 88
53 41 31 88
54 41 31 88
55 41 31 88
56 41 31 88
57 41 31 88
58 41 31 88
59 41 31 88
60 41 31 88
61 41 31 88
62 41 31 88
63 41 31 88
64 41 31 88
65 41 31 88
