0 32 29 68
1 32 29 68
2 32 29 68
3 32 29 68
4 32 29 68
5 32 29 68
6 32 29 68
7 32 29 68
8 32 29 68
9 32 29 68
10 32 29 68
11 32 29 68
12 32 29 68
13 32 29 68
14 32 29 68
15 32 29 68
16 32 29 68
17 32 29 68
18 32 29 68
19 32 29 68
20 32 29 68
21 32 29 68
22 32 29 68
23 32 29 68
24 32 29 68
25 32 29 68
26 32 29 68
27 32 29 68
28 32 29 68
29 32 29 68
30 32 29 68
31 32 29 68
32 32 29 68
33 32 29 68
34 32 29 68
35 32 29 68
36 32 29 68
37 32 29 68
38 32 29 68
39 32 29 68
40 32 29 68
41 32 29 68
42 32 29 68
43 32 29 68
44 32 29 68
45 32 29 68
46 32 29 68
47 32 29 68
48 32 29 68
49 32 29 68
50 32 29 68
51 32 29 68
52 32 29 68
53 32 29 68
54 32 29 68
55 32 29 68
56 32 29 68
57 32 29 68
58 32 29 68
59 32 29 68
60 32 29 68
61 32 29 68
62 32 29 68
63 32 29 68
64 32 29 68
65 32 29 68
