0 30 39 61
1 30 39 61
2 30 39 61
3 30 39 61
4 30 39 61
5 30 39 61
6 30 39 61
7 30 39 61
8 30 39 61
9 30 39 61
10 30 39 61
11 30 39 61
12 30 39 61
13 30 39 61
14 30 39 61
15 30 39 61
16 30 39 61
17 30 39 61
18 30 39 61
19 30 39 61
20 30 39 61
21 30 39 61
22 30 39 61
23 30 39 61
24 30 39 61
25 30 39 61
26 30 39 61
27 30 39 61
28 30 39 61
29 30 39 61
30 30 39 61
31 30 39 61
32 30 39 61
33 30 39 61
34 30 39 61
35 30 39 61
36 30 39 61
37 30 39 61
38 30 39 61
39 30 39 61
40 30 39 61
41 30 39 61
42 30 39 61
43 30 39 61
44 30 39 61
45 30 39 61
46 30 39 61
47 30 39 61
48 30 39 61
49 30 39 61
50 30 39 61
51 30 39 61
52 30 39 61
53 30 39 61
54 30 39 61
55 30 39 61
56 30 39 61
57 30 39 61
58 30 39 61
59 30 39 61
60 30 39 61
61 30 39 61
62 30 39 61
63 30 39 61
64 30 39 61
65 30 39 61
