0 24 11 3
1 24 11 3
2 24 11 3
3 24 11 3
4 24 11 3
5 24 11 3
6 24 11 3
7 24 11 3
8 24 11 3
9 24 11 3
10 24 11 3
11 24 11 3
12 24 11 3
13 24 11 3
14 24 11 3
15 24 11 3
16 24 11 3
17 24 11 3
18 24 11 3
19 24 11 3
20 24 11 3
21 24 11 3
22 24 11 3
23 24 11 3
24 24 11 3
25 24 11 3
26 24 11 3
27 24 11 3
28 24 11 3
29 24 11 3
30 24 11 3
31 24 11 3
32 24 11 3
33 24 11 3
34 24 11 3
35 24 11 3
36 24 11 3
37 24 11 3
38 24 11 3
39 24 11 3
40 24 11 3
41 24 11 3
42 24 11 3
43 24 11 3
44 24 11 3
45 24 11 3
46 24 11 3
47 24 11 3
48 24 11 3
49 24 11 3
50 24 11 3
51 24 11 3
52 24 11 3
53 24 11 3
54 24 11 3
55 24 11 3
56 24 11 3
57 24 11 3
58 24 11 3
59 24 11 3
60 24 11 3
61 24 11 3
62 24 11 3
63 24 11 3
64 24 11 3
65 24 11 3
