0 23 32 54
1 23 32 54
2 23 32 54
3 23 32 54
4 23 32 54
5 23 32 54
6 23 32 54
7 23 32 54
8 23 32 54
9 23 32 54
10 23 32 54
11 23 32 54
12 23 32 54
13 23 32 54
14 23 32 54
15 23 32 54
16 23 32 54
17 23 32 54
18 23 32 54
19 23 32 54
20 23 32 54
21 23 32 54
22 23 32 54
23 23 32 54
24 23 32 54
25 23 32 54
26 23 32 54
27 23 32 54
28 23 32 54
29 23 32 54
30 23 32 54
31 23 32 54
32 23 32 54
33 23 32 54
34 23 32 54
35 23 32 54
36 23 32 54
37 23 32 54
38 23 32 54
39 23 32 54
40 23 32 54
41 23 32 54
42 23 32 54
43 23 32 54
44 23 32 54
45 23 32 54
46 23 32 54
47 23 32 54
48 23 32 54
49 23 32 54
50 23 32 54
51 23 32 54
52 23 32 54
53 23 32 54
54 23 32 54
55 23 32 54
56 23 32 54
57 23 32 54
58 23 32 54
59 23 32 54
60 23 32 54
61 23 32 54
62 23 32 54
63 23 32 54
64 23 32 54
65 23 32 54
