0 13 28 3
1 13 28 3
2 13 28 3
3 13 28 3
4 13 28 3
5 13 28 3
6 13 28 3
7 13 28 3
8 13 28 3
9 13 28 3
10 13 28 3
11 13 28 3
12 13 28 3
13 13 28 3
14 13 28 3
15 13 28 3
16 13 28 3
17 13 28 3
18 13 28 3
19 13 28 3
20 13 28 3
21 13 28 3
22 13 28 3
23 13 28 3
24 13 28 3
25 13 28 3
26 13 28 3
27 13 28 3
28 13 28 3
29 13 28 3
30 13 28 3
31 13 28 3
32 13 28 3
33 13 28 3
34 13 28 3
35 13 28 3
36 13 28 3
37 13 28 3
38 13 28 3
39 13 28 3
40 13 28 3
41 13 28 3
42 13 28 3
43 13 28 3
44 13 28 3
45 13 28 3
46 13 28 3
47 13 28 3
48 13 28 3
49 13 28 3
50 13 28 3
51 13 28 3
52 13 28 3
53 13 28 3
54 13 28 3
55 13 28 3
56 13 28 3
57 13 28 3
58 13 28 3
59 13 28 3
60 13 28 3
61 13 28 3
62 13 28 3
63 13 28 3
64 13 28 3
65 13 28 3
