0 28 42 76
1 28 42 76
2 28 42 76
3 28 42 76
4 28 42 76
5 28 42 76
6 28 42 76
7 28 42 76
8 28 42 76
9 28 42 76
10 28 42 76
11 28 42 76
12 28 42 76
13 28 42 76
14 28 42 76
15 28 42 76
16 28 42 76
17 28 42 76
18 28 42 76
19 28 42 76
20 28 42 76
21 28 42 76
22 28 42 76
23 28 42 76
24 28 42 76
25 28 42 76
26 28 42 76
27 28 42 76
28 28 42 76
29 28 42 76
30 28 42 76
31 28 42 76
32 28 42 76
33 28 42 76
34 28 42 76
35 28 42 76
36 28 42 76
37 28 42 76
38 28 42 76
39 28 42 76
40 28 42 76
41 28 42 76
42 28 42 76
43 28 42 76
44 28 42 76
45 28 42 76
46 28 42 76
47 28 42 76
48 28 42 76
49 28 42 76
50 28 42 76
51 28 42 76
52 28 42 76
53 28 42 76
54 28 42 76
55 28 42 76
56 28 42 76
57 28 42 76
58 28 42 76
59 28 42 76
60 28 42 76
61 28 42 76
62 28 42 76
63 28 42 76
64 28 42 76
65 28 42 76
