0 20 28 95
1 20 28 95
2 20 28 95
3 20 28 95
4 20 28 95
5 20 28 95
6 20 28 95
7 20 28 95
8 20 28 95
9 20 28 95
10 20 28 95
11 20 28 95
12 20 28 95
13 20 28 95
14 20 28 95
15 20 28 95
16 20 28 95
17 20 28 95
18 20 28 95
19 20 28 95
20 20 28 95
21 20 28 95
22 20 28 95
23 20 28 95
24 20 28 95
25 20 28 95
26 20 28 95
27 20 28 95
28 20 28 95
29 20 28 95
30 20 28 95
31 20 28 95
32 20 28 95
33 20 28 95
34 20 28 95
35 20 28 95
36 20 28 95
37 20 28 95
38 20 28 95
39 20 28 95
40 20 28 95
41 20 28 95
42 20 28 95
43 20 28 95
44 20 28 95
45 20 28 95
46 20 28 95
47 20 28 95
48 20 28 95
49 20 28 95
50 20 28 95
51 20 28 95
52 20 28 95
53 20 28 95
54 20 28 95
55 20 28 95
56 20 28 95
57 20 28 95
58 20 28 95
59 20 28 95
60 20 28 95
61 20 28 95
62 20 28 95
63 20 28 95
64 20 28 95
65 20 28 95
