0.0 39.35 45.45 3.61
1.0 42.59 41.96 1.94
2.0 46.01 39.15 0.49
3.0 45.01 35.17 1.89
4.0 42.60 32.52 1.44
5.0 46.55 33.03 1.72
6.0 51.23 30.22 0.29
7.0 54.72 29.22 0.79
8.0 53.89 29.87 2.39
9.0 53.79 28.11 4.12
10.0 55.09 23.77 5.16
11.0 59.01 19.73 5.61
12.0 57.73 15.00 4.00
13.0 58.59 13.02 4.44
14.0 56.78 17.68 5.74
15.0 58.24 21.28 4.73
16.0 55.94 22.92 3.82
17.0 54.61 26.36 2.02
18.0 56.41 26.31 2.15
19.0 60.10 30.19 1.30
20.0 58.22 31.06 0.49
21.0 54.23 35.91 0.00
22.0 55.38 32.01 1.11
23.0 54.46 31.36 3.09
24.0 56.56 26.45 3.71
25.0 54.57 25.57 2.76
26.0 53.80 23.91 3.65
27.0 58.74 20.69 4.75
28.0 62.59 18.37 4.17
29.0 65.35 21.93 2.79
30.0 69.70 19.94 1.69
31.0 72.92 20.00 0.00
32.0 70.68 23.07 1.83
33.0 69.48 19.93 0.41
34.0 69.40 15.81 1.57
35.0 71.90 15.63 0.00
36.0 68.37 13.07 0.00
37.0 66.87 13.93 0.00
38.0 62.68 10.86 0.71
39.0 63.33 7.35 0.00
40.0 62.58 7.44 0.00
41.0 62.14 3.49 0.00
42.0 64.21 0.41 0.17
43.0 60.63 0.14 0.00
44.0 64.58 0.00 0.00
45.0 62.95 0.28 0.00
46.0 60.75 0.00 0.28
47.0 62.65 4.35 0.00
48.0 66.76 1.33 0.00
49.0 69.12 0.00 1.57
50.0 70.43 2.89 2.95
51.0 68.10 0.00 2.89
52.0 71.34 0.00 1.01
53.0 73.92 0.00 0.00
54.0 76.17 0.00 0.00
55.0 73.20 0.00 1.48
56.0 72.71 0.00 0.37
57.0 68.84 4.08 0.00
58.0 70.72 3.77 0.00
59.0 67.38 1.82 0.00
60.0 64.46 2.42 0.00
