0 20 29 56
1 20 29 56
2 20 29 56
3 20 29 56
4 20 29 56
5 20 29 56
6 20 29 56
7 20 29 56
8 20 29 56
9 20 29 56
10 20 29 56
11 20 29 56
12 20 29 56
13 20 29 56
14 20 29 56
15 20 29 56
16 20 29 56
17 20 29 56
18 20 29 56
19 20 29 56
20 20 29 56
21 20 29 56
22 20 29 56
23 20 29 56
24 20 29 56
25 20 29 56
26 20 29 56
27 20 29 56
28 20 29 56
29 20 29 56
30 20 29 56
31 20 29 56
32 20 29 56
33 20 29 56
34 20 29 56
35 20 29 56
36 20 29 56
37 20 29 56
38 20 29 56
39 20 29 56
40 20 29 56
41 20 29 56
42 20 29 56
43 20 29 56
44 20 29 56
45 20 29 56
46 20 29 56
47 20 29 56
48 20 29 56
49 20 29 56
50 20 29 56
51 20 29 56
52 20 29 56
53 20 29 56
54 20 29 56
55 20 29 56
56 20 29 56
57 20 29 56
58 20 29 56
59 20 29 56
60 20 29 56
61 20 29 56
62 20 29 56
63 20 29 56
64 20 29 56
65 20 29 56
