0 24 41 81
1 24 41 81
2 24 41 81
3 24 41 81
4 24 41 81
5 24 41 81
6 24 41 81
7 24 41 81
8 24 41 81
9 24 41 81
10 24 41 81
11 24 41 81
12 24 41 81
13 24 41 81
14 24 41 81
15 24 41 81
16 24 41 81
17 24 41 81
18 24 41 81
19 24 41 81
20 24 41 81
21 24 41 81
22 24 41 81
23 24 41 81
24 24 41 81
25 24 41 81
26 24 41 81
27 24 41 81
28 24 41 81
29 24 41 81
30 24 41 81
31 24 41 81
32 24 41 81
33 24 41 81
34 24 41 81
35 24 41 81
36 24 41 81
37 24 41 81
38 24 41 81
39 24 41 81
40 24 41 81
41 24 41 81
42 24 41 81
43 24 41 81
44 24 41 81
45 24 41 81
46 24 41 81
47 24 41 81
48 24 41 81
49 24 41 81
50 24 41 81
51 24 41 81
52 24 41 81
53 24 41 81
54 24 41 81
55 24 41 81
56 24 41 81
57 24 41 81
58 24 41 81
59 24 41 81
60 24 41 81
61 24 41 81
62 24 41 81
63 24 41 81
64 24 41 81
65 24 41 81
