0 24 15 31
1 24 15 31
2 24 15 31
3 24 15 31
4 24 15 31
5 24 15 31
6 24 15 31
7 24 15 31
8 24 15 31
9 24 15 31
10 24 15 31
11 24 15 31
12 24 15 31
13 24 15 31
14 24 15 31
15 24 15 31
16 24 15 31
17 24 15 31
18 24 15 31
19 24 15 31
20 24 15 31
21 24 15 31
22 24 15 31
23 24 15 31
24 24 15 31
25 24 15 31
26 24 15 31
27 24 15 31
28 24 15 31
29 24 15 31
30 24 15 31
31 24 15 31
32 24 15 31
33 24 15 31
34 24 15 31
35 24 15 31
36 24 15 31
37 24 15 31
38 24 15 31
39 24 15 31
40 24 15 31
41 24 15 31
42 24 15 31
43 24 15 31
44 24 15 31
45 24 15 31
46 24 15 31
47 24 15 31
48 24 15 31
49 24 15 31
50 24 15 31
51 24 15 31
52 24 15 31
53 24 15 31
54 24 15 31
55 24 15 31
56 24 15 31
57 24 15 31
58 24 15 31
59 24 15 31
60 24 15 31
61 24 15 31
62 24 15 31
63 24 15 31
64 24 15 31
65 24 15 31
