0 26 32 96
1 26 32 96
2 26 32 96
3 26 32 96
4 26 32 96
5 26 32 96
6 26 32 96
7 26 32 96
8 26 32 96
9 26 32 96
10 26 32 96
11 26 32 96
12 26 32 96
13 26 32 96
14 26 32 96
15 26 32 96
16 26 32 96
17 26 32 96
18 26 32 96
19 26 32 96
20 26 32 96
21 26 32 96
22 26 32 96
23 26 32 96
24 26 32 96
25 26 32 96
26 26 32 96
27 26 32 96
28 26 32 96
29 26 32 96
30 26 32 96
31 26 32 96
32 26 32 96
33 26 32 96
34 26 32 96
35 26 32 96
36 26 32 96
37 26 32 96
38 26 32 96
39 26 32 96
40 26 32 96
41 26 32 96
42 26 32 96
43 26 32 96
44 26 32 96
45 26 32 96
46 26 32 96
47 26 32 96
48 26 32 96
49 26 32 96
50 26 32 96
51 26 32 96
52 26 32 96
53 26 32 96
54 26 32 96
55 26 32 96
56 26 32 96
57 26 32 96
58 26 32 96
59 26 32 96
60 26 32 96
61 26 32 96
62 26 32 96
63 26 32 96
64 26 32 96
65 26 32 96
