0.0 46.73 56.36 12.87
1.0 48.92 52.68 11.85
2.0 51.64 52.58 12.90
3.0 55.79 49.77 11.58
4.0 55.59 48.85 11.02
5.0 50.91 48.53 11.26
6.0 54.28 45.59 13.00
7.0 53.27 48.05 12.36
8.0 55.95 49.08 14.18
9.0 55.34 53.35 13.14
10.0 56.45 51.81 12.64
11.0 53.16 48.04 13.20
12.0 48.27 44.98 14.66
13.0 51.18 46.60 15.55
14.0 46.61 47.17 14.12
15.0 45.63 48.11 12.98
16.0 46.31 51.61 13.84
17.0 46.00 54.68 11.88
18.0 46.56 53.15 13.58
19.0 49.78 48.68 12.13
20.0 49.01 51.21 10.75
21.0 45.17 48.11 10.56
22.0 41.86 50.44 12.41
23.0 43.87 45.44 11.99
24.0 42.08 41.81 11.51
25.0 42.42 45.15 9.96
26.0 37.55 44.91 9.70
27.0 36.31 48.86 10.74
28.0 40.20 51.46 8.96
29.0 36.35 51.71 9.67
30.0 33.45 56.58 9.55
31.0 33.23 61.47 8.22
32.0 31.02 61.83 10.13
33.0 33.08 61.18 8.14
34.0 29.94 62.51 6.94
35.0 32.26 64.80 6.72
36.0 33.45 64.54 5.76
37.0 37.42 63.15 6.17
38.0 37.98 66.85 5.26
39.0 39.95 67.65 5.97
40.0 39.61 66.10 7.12
41.0 37.56 65.89 8.22
42.0 39.34 61.82 6.27
43.0 42.38 61.51 8.04
44.0 40.12 60.63 6.27
45.0 40.45 62.11 5.35
46.0 43.01 58.90 5.75
47.0 39.73 60.30 5.34
48.0 37.71 60.80 6.12
49.0 40.29 61.66 8.12
50.0 36.71 62.55 7.34
51.0 33.64 65.74 6.42
52.0 38.35 65.77 6.87
53.0 36.74 67.75 7.34
54.0 32.24 66.21 9.31
55.0 34.83 61.36 9.83
56.0 37.52 60.94 11.40
57.0 35.53 57.74 9.92
58.0 37.43 58.89 8.54
59.0 33.15 61.72 10.45
60.0 33.42 60.65 9.50
