0 19 42 31
1 19 42 31
2 19 42 31
3 19 42 31
4 19 42 31
5 19 42 31
6 19 42 31
7 19 42 31
8 19 42 31
9 19 42 31
10 19 42 31
11 19 42 31
12 19 42 31
13 19 42 31
14 19 42 31
15 19 42 31
16 19 42 31
17 19 42 31
18 19 42 31
19 19 42 31
20 19 42 31
21 19 42 31
22 19 42 31
23 19 42 31
24 19 42 31
25 19 42 31
26 19 42 31
27 19 42 31
28 19 42 31
29 19 42 31
30 19 42 31
31 19 42 31
32 19 42 31
33 19 42 31
34 19 42 31
35 19 42 31
36 19 42 31
37 19 42 31
38 19 42 31
39 19 42 31
40 19 42 31
41 19 42 31
42 19 42 31
43 19 42 31
44 19 42 31
45 19 42 31
46 19 42 31
47 19 42 31
48 19 42 31
49 19 42 31
50 19 42 31
51 19 42 31
52 19 42 31
53 19 42 31
54 19 42 31
55 19 42 31
56 19 42 31
57 19 42 31
58 19 42 31
59 19 42 31
60 19 42 31
61 19 42 31
62 19 42 31
63 19 42 31
64 19 42 31
65 19 42 31
