0 33 37 74
1 33 37 74
2 33 37 74
3 33 37 74
4 33 37 74
5 33 37 74
6 33 37 74
7 33 37 74
8 33 37 74
9 33 37 74
10 33 37 74
11 33 37 74
12 33 37 74
13 33 37 74
14 33 37 74
15 33 37 74
16 33 37 74
17 33 37 74
18 33 37 74
19 33 37 74
20 33 37 74
21 33 37 74
22 33 37 74
23 33 37 74
24 33 37 74
25 33 37 74
26 33 37 74
27 33 37 74
28 33 37 74
29 33 37 74
30 33 37 74
31 33 37 74
32 33 37 74
33 33 37 74
34 33 37 74
35 33 37 74
36 33 37 74
37 33 37 74
38 33 37 74
39 33 37 74
40 33 37 74
41 33 37 74
42 33 37 74
43 33 37 74
44 33 37 74
45 33 37 74
46 33 37 74
47 33 37 74
48 33 37 74
49 33 37 74
50 33 37 74
51 33 37 74
52 33 37 74
53 33 37 74
54 33 37 74
55 33 37 74
56 33 37 74
57 33 37 74
58 33 37 74
59 33 37 74
60 33 37 74
61 33 37 74
62 33 37 74
63 33 37 74
64 33 37 74
65 33 37 74
