0 42 42 7
1 42 42 7
2 42 42 7
3 42 42 7
4 42 42 7
5 42 42 7
6 42 42 7
7 42 42 7
8 42 42 7
9 42 42 7
10 42 42 7
11 42 42 7
12 42 42 7
13 42 42 7
14 42 42 7
15 42 42 7
16 42 42 7
17 42 42 7
18 42 42 7
19 42 42 7
20 42 42 7
21 42 42 7
22 42 42 7
23 42 42 7
24 42 42 7
25 42 42 7
26 42 42 7
27 42 42 7
28 42 42 7
29 42 42 7
30 42 42 7
31 42 42 7
32 42 42 7
33 42 42 7
34 42 42 7
35 42 42 7
36 42 42 7
37 42 42 7
38 42 42 7
39 42 42 7
40 42 42 7
41 42 42 7
42 42 42 7
43 42 42 7
44 42 42 7
45 42 42 7
46 42 42 7
47 42 42 7
48 42 42 7
49 42 42 7
50 42 42 7
51 42 42 7
52 42 42 7
53 42 42 7
54 42 42 7
55 42 42 7
56 42 42 7
57 42 42 7
58 42 42 7
59 42 42 7
60 42 42 7
61 42 42 7
62 42 42 7
63 42 42 7
64 42 42 7
65 42 42 7
