0 17 10 6
1 17 10 6
2 17 10 6
3 17 10 6
4 17 10 6
5 17 10 6
6 17 10 6
7 17 10 6
8 17 10 6
9 17 10 6
10 17 10 6
11 17 10 6
12 17 10 6
13 17 10 6
14 17 10 6
15 17 10 6
16 17 10 6
17 17 10 6
18 17 10 6
19 17 10 6
20 17 10 6
21 17 10 6
22 17 10 6
23 17 10 6
24 17 10 6
25 17 10 6
26 17 10 6
27 17 10 6
28 17 10 6
29 17 10 6
30 17 10 6
31 17 10 6
32 17 10 6
33 17 10 6
34 17 10 6
35 17 10 6
36 17 10 6
37 17 10 6
38 17 10 6
39 17 10 6
40 17 10 6
41 17 10 6
42 17 10 6
43 17 10 6
44 17 10 6
45 17 10 6
46 17 10 6
47 17 10 6
48 17 10 6
49 17 10 6
50 17 10 6
51 17 10 6
52 17 10 6
53 17 10 6
54 17 10 6
55 17 10 6
56 17 10 6
57 17 10 6
58 17 10 6
59 17 10 6
60 17 10 6
61 17 10 6
62 17 10 6
63 17 10 6
64 17 10 6
65 17 10 6
