0 23 7 8
1 23 7 8
2 23 7 8
3 23 7 8
4 23 7 8
5 23 7 8
6 23 7 8
7 23 7 8
8 23 7 8
9 23 7 8
10 23 7 8
11 23 7 8
12 23 7 8
13 23 7 8
14 23 7 8
15 23 7 8
16 23 7 8
17 23 7 8
18 23 7 8
19 23 7 8
20 23 7 8
21 23 7 8
22 23 7 8
23 23 7 8
24 23 7 8
25 23 7 8
26 23 7 8
27 23 7 8
28 23 7 8
29 23 7 8
30 23 7 8
31 23 7 8
32 23 7 8
33 23 7 8
34 23 7 8
35 23 7 8
36 23 7 8
37 23 7 8
38 23 7 8
39 23 7 8
40 23 7 8
41 23 7 8
42 23 7 8
43 23 7 8
44 23 7 8
45 23 7 8
46 23 7 8
47 23 7 8
48 23 7 8
49 23 7 8
50 23 7 8
51 23 7 8
52 23 7 8
53 23 7 8
54 23 7 8
55 23 7 8
56 23 7 8
57 23 7 8
58 23 7 8
59 23 7 8
60 23 7 8
61 23 7 8
62 23 7 8
63 23 7 8
64 23 7 8
65 23 7 8
