0 37 30 68
1 37 30 68
2 37 30 68
3 37 30 68
4 37 30 68
5 37 30 68
6 37 30 68
7 37 30 68
8 37 30 68
9 37 30 68
10 37 30 68
11 37 30 68
12 37 30 68
13 37 30 68
14 37 30 68
15 37 30 68
16 37 30 68
17 37 30 68
18 37 30 68
19 37 30 68
20 37 30 68
21 37 30 68
22 37 30 68
23 37 30 68
24 37 30 68
25 37 30 68
26 37 30 68
27 37 30 68
28 37 30 68
29 37 30 68
30 37 30 68
31 37 30 68
32 37 30 68
33 37 30 68
34 37 30 68
35 37 30 68
36 37 30 68
37 37 30 68
38 37 30 68
39 37 30 68
40 37 30 68
41 37 30 68
42 37 30 68
43 37 30 68
44 37 30 68
45 37 30 68
46 37 30 68
47 37 30 68
48 37 30 68
49 37 30 68
50 37 30 68
51 37 30 68
52 37 30 68
53 37 30 68
54 37 30 68
55 37 30 68
56 37 30 68
57 37 30 68
58 37 30 68
59 37 30 68
60 37 30 68
61 37 30 68
62 37 30 68
63 37 30 68
64 37 30 68
65 37 30 68
