0 21 16 88
1 21 16 88
2 21 16 88
3 21 16 88
4 21 16 88
5 21 16 88
6 21 16 88
7 21 16 88
8 21 16 88
9 21 16 88
10 21 16 88
11 21 16 88
12 21 16 88
13 21 16 88
14 21 16 88
15 21 16 88
16 21 16 88
17 21 16 88
18 21 16 88
19 21 16 88
20 21 16 88
21 21 16 88
22 21 16 88
23 21 16 88
24 21 16 88
25 21 16 88
26 21 16 88
27 21 16 88
28 21 16 88
29 21 16 88
30 21 16 88
31 21 16 88
32 21 16 88
33 21 16 88
34 21 16 88
35 21 16 88
36 21 16 88
37 21 16 88
38 21 16 88
39 21 16 88
40 21 16 88
41 21 16 88
42 21 16 88
43 21 16 88
44 21 16 88
45 21 16 88
46 21 16 88
47 21 16 88
48 21 16 88
49 21 16 88
50 21 16 88
51 21 16 88
52 21 16 88
53 21 16 88
54 21 16 88
55 21 16 88
56 21 16 88
57 21 16 88
58 21 16 88
59 21 16 88
60 21 16 88
61 21 16 88
62 21 16 88
63 21 16 88
64 21 16 88
65 21 16 88
