0.0 63.22 77.81 6.74
1.0 67.24 75.63 8.58
2.0 69.72 77.81 7.18
3.0 71.22 80.66 8.08
4.0 74.62 79.62 6.71
5.0 74.07 80.84 8.44
6.0 76.44 85.39 8.61
7.0 74.54 81.38 10.16
8.0 70.28 77.39 8.55
9.0 73.14 79.20 8.04
10.0 68.33 75.46 6.70
11.0 64.65 77.00 5.17
12.0 67.48 74.53 3.27
13.0 63.08 78.27 4.54
14.0 58.26 79.44 4.30
15.0 53.65 76.77 4.06
16.0 53.16 74.49 5.83
17.0 51.52 79.05 4.64
18.0 49.17 75.15 4.71
19.0 45.51 71.78 6.11
20.0 50.19 68.34 4.27
21.0 49.67 67.67 5.49
22.0 53.73 64.66 5.46
23.0 52.23 61.58 3.86
24.0 47.68 64.83 4.58
25.0 51.87 61.65 5.88
26.0 47.00 56.71 4.22
27.0 51.99 58.56 5.87
28.0 54.94 62.55 5.71
29.0 50.08 65.74 7.00
30.0 53.71 62.02 8.43
31.0 56.30 59.47 6.68
32.0 54.77 57.71 7.05
33.0 51.11 57.57 5.82
34.0 54.61 61.29 5.76
35.0 52.61 65.25 5.52
36.0 49.02 69.49 5.58
37.0 53.41 67.66 5.38
38.0 50.91 70.63 3.88
39.0 48.29 73.20 2.47
40.0 46.00 71.53 1.23
41.0 49.50 72.89 1.67
42.0 44.79 71.04 0.14
43.0 41.10 68.98 1.78
44.0 43.83 69.53 1.51
45.0 38.91 66.16 2.31
46.0 43.20 65.71 0.60
47.0 43.09 69.47 0.78
48.0 48.01 64.82 1.08
49.0 50.10 63.01 0.89
50.0 46.38 61.84 1.65
51.0 47.21 66.15 0.00
52.0 50.37 67.94 0.52
53.0 49.62 72.57 0.04
54.0 53.89 70.76 0.00
55.0 57.32 73.92 0.00
56.0 54.30 78.37 0.00
57.0 49.78 75.76 0.18
58.0 51.30 71.26 0.00
59.0 49.26 74.07 1.44
60.0 48.39 79.01 1.12
