0 23 26 68
1 23 26 68
2 23 26 68
3 23 26 68
4 23 26 68
5 23 26 68
6 23 26 68
7 23 26 68
8 23 26 68
9 23 26 68
10 23 26 68
11 23 26 68
12 23 26 68
13 23 26 68
14 23 26 68
15 23 26 68
16 23 26 68
17 23 26 68
18 23 26 68
19 23 26 68
20 23 26 68
21 23 26 68
22 23 26 68
23 23 26 68
24 23 26 68
25 23 26 68
26 23 26 68
27 23 26 68
28 23 26 68
29 23 26 68
30 23 26 68
31 23 26 68
32 23 26 68
33 23 26 68
34 23 26 68
35 23 26 68
36 23 26 68
37 23 26 68
38 23 26 68
39 23 26 68
40 23 26 68
41 23 26 68
42 23 26 68
43 23 26 68
44 23 26 68
45 23 26 68
46 23 26 68
47 23 26 68
48 23 26 68
49 23 26 68
50 23 26 68
51 23 26 68
52 23 26 68
53 23 26 68
54 23 26 68
55 23 26 68
56 23 26 68
57 23 26 68
58 23 26 68
59 23 26 68
60 23 26 68
61 23 26 68
62 23 26 68
63 23 26 68
64 23 26 68
65 23 26 68
