0 10 10 3
1 10 10 3
2 10 10 3
3 10 10 3
4 10 10 3
5 10 10 3
6 10 10 3
7 10 10 3
8 10 10 3
9 10 10 3
10 10 10 3
11 10 10 3
12 10 10 3
13 10 10 3
14 10 10 3
15 10 10 3
16 10 10 3
17 10 10 3
18 10 10 3
19 10 10 3
20 10 10 3
21 10 10 3
22 10 10 3
23 10 10 3
24 10 10 3
25 10 10 3
26 10 10 3
27 10 10 3
28 10 10 3
29 10 10 3
30 10 10 3
31 10 10 3
32 10 10 3
33 10 10 3
34 10 10 3
35 10 10 3
36 10 10 3
37 10 10 3
38 10 10 3
39 10 10 3
40 10 10 3
41 10 10 3
42 10 10 3
43 10 10 3
44 10 10 3
45 10 10 3
46 10 10 3
47 10 10 3
48 10 10 3
49 10 10 3
50 10 10 3
51 10 10 3
52 10 10 3
53 10 10 3
54 10 10 3
55 10 10 3
56 10 10 3
57 10 10 3
58 10 10 3
59 10 10 3
60 10 10 3
61 10 10 3
62 10 10 3
63 10 10 3
64 10 10 3
65 10 10 3
