0 29 23 96
1 29 23 96
2 29 23 96
3 29 23 96
4 29 23 96
5 29 23 96
6 29 23 96
7 29 23 96
8 29 23 96
9 29 23 96
10 29 23 96
11 29 23 96
12 29 23 96
13 29 23 96
14 29 23 96
15 29 23 96
16 29 23 96
17 29 23 96
18 29 23 96
19 29 23 96
20 29 23 96
21 29 23 96
22 29 23 96
23 29 23 96
24 29 23 96
25 29 23 96
26 29 23 96
27 29 23 96
28 29 23 96
29 29 23 96
30 29 23 96
31 29 23 96
32 29 23 96
33 29 23 96
34 29 23 96
35 29 23 96
36 29 23 96
37 29 23 96
38 29 23 96
39 29 23 96
40 29 23 96
41 29 23 96
42 29 23 96
43 29 23 96
44 29 23 96
45 29 23 96
46 29 23 96
47 29 23 96
48 29 23 96
49 29 23 96
50 29 23 96
51 29 23 96
52 29 23 96
53 29 23 96
54 29 23 96
55 29 23 96
56 29 23 96
57 29 23 96
58 29 23 96
59 29 23 96
60 29 23 96
61 29 23 96
62 29 23 96
63 29 23 96
64 29 23 96
65 29 23 96
