0 38 17 3
1 38 17 3
2 38 17 3
3 38 17 3
4 38 17 3
5 38 17 3
6 38 17 3
7 38 17 3
8 38 17 3
9 38 17 3
10 38 17 3
11 38 17 3
12 38 17 3
13 38 17 3
14 38 17 3
15 38 17 3
16 38 17 3
17 38 17 3
18 38 17 3
19 38 17 3
20 38 17 3
21 38 17 3
22 38 17 3
23 38 17 3
24 38 17 3
25 38 17 3
26 38 17 3
27 38 17 3
28 38 17 3
29 38 17 3
30 38 17 3
31 38 17 3
32 38 17 3
33 38 17 3
34 38 17 3
35 38 17 3
36 38 17 3
37 38 17 3
38 38 17 3
39 38 17 3
40 38 17 3
41 38 17 3
42 38 17 3
43 38 17 3
44 38 17 3
45 38 17 3
46 38 17 3
47 38 17 3
48 38 17 3
49 38 17 3
50 38 17 3
51 38 17 3
52 38 17 3
53 38 17 3
54 38 17 3
55 38 17 3
56 38 17 3
57 38 17 3
58 38 17 3
59 38 17 3
60 38 17 3
61 38 17 3
62 38 17 3
63 38 17 3
64 38 17 3
65 38 17 3
