0 23 25 67
1 23 25 67
2 23 25 67
3 23 25 67
4 23 25 67
5 23 25 67
6 23 25 67
7 23 25 67
8 23 25 67
9 23 25 67
10 23 25 67
11 23 25 67
12 23 25 67
13 23 25 67
14 23 25 67
15 23 25 67
16 23 25 67
17 23 25 67
18 23 25 67
19 23 25 67
20 23 25 67
21 23 25 67
22 23 25 67
23 23 25 67
24 23 25 67
25 23 25 67
26 23 25 67
27 23 25 67
28 23 25 67
29 23 25 67
30 23 25 67
31 23 25 67
32 23 25 67
33 23 25 67
34 23 25 67
35 23 25 67
36 23 25 67
37 23 25 67
38 23 25 67
39 23 25 67
40 23 25 67
41 23 25 67
42 23 25 67
43 23 25 67
44 23 25 67
45 23 25 67
46 23 25 67
47 23 25 67
48 23 25 67
49 23 25 67
50 23 25 67
51 23 25 67
52 23 25 67
53 23 25 67
54 23 25 67
55 23 25 67
56 23 25 67
57 23 25 67
58 23 25 67
59 23 25 67
60 23 25 67
61 23 25 67
62 23 25 67
63 23 25 67
64 23 25 67
65 23 25 67
