0 32 23 54
1 32 23 54
2 32 23 54
3 32 23 54
4 32 23 54
5 32 23 54
6 32 23 54
7 32 23 54
8 32 23 54
9 32 23 54
10 32 23 54
11 32 23 54
12 32 23 54
13 32 23 54
14 32 23 54
15 32 23 54
16 32 23 54
17 32 23 54
18 32 23 54
19 32 23 54
20 32 23 54
21 32 23 54
22 32 23 54
23 32 23 54
24 32 23 54
25 32 23 54
26 32 23 54
27 32 23 54
28 32 23 54
29 32 23 54
30 32 23 54
31 32 23 54
32 32 23 54
33 32 23 54
34 32 23 54
35 32 23 54
36 32 23 54
37 32 23 54
38 32 23 54
39 32 23 54
40 32 23 54
41 32 23 54
42 32 23 54
43 32 23 54
44 32 23 54
45 32 23 54
46 32 23 54
47 32 23 54
48 32 23 54
49 32 23 54
50 32 23 54
51 32 23 54
52 32 23 54
53 32 23 54
54 32 23 54
55 32 23 54
56 32 23 54
57 32 23 54
58 32 23 54
59 32 23 54
60 32 23 54
61 32 23 54
62 32 23 54
63 32 23 54
64 32 23 54
65 32 23 54
