0 20 35 60
1 20 35 60
2 20 35 60
3 20 35 60
4 20 35 60
5 20 35 60
6 20 35 60
7 20 35 60
8 20 35 60
9 20 35 60
10 20 35 60
11 20 35 60
12 20 35 60
13 20 35 60
14 20 35 60
15 20 35 60
16 20 35 60
17 20 35 60
18 20 35 60
19 20 35 60
20 20 35 60
21 20 35 60
22 20 35 60
23 20 35 60
24 20 35 60
25 20 35 60
26 20 35 60
27 20 35 60
28 20 35 60
29 20 35 60
30 20 35 60
31 20 35 60
32 20 35 60
33 20 35 60
34 20 35 60
35 20 35 60
36 20 35 60
37 20 35 60
38 20 35 60
39 20 35 60
40 20 35 60
41 20 35 60
42 20 35 60
43 20 35 60
44 20 35 60
45 20 35 60
46 20 35 60
47 20 35 60
48 20 35 60
49 20 35 60
50 20 35 60
51 20 35 60
52 20 35 60
53 20 35 60
54 20 35 60
55 20 35 60
56 20 35 60
57 20 35 60
58 20 35 60
59 20 35 60
60 20 35 60
61 20 35 60
62 20 35 60
63 20 35 60
64 20 35 60
65 20 35 60
