0.0 59.81 82.88 10.10
1.0 60.10 78.30 8.84
2.0 64.65 75.65 7.32
3.0 66.12 74.41 6.98
4.0 62.57 77.30 6.69
5.0 63.23 73.76 5.26
6.0 65.96 69.26 4.16
7.0 61.32 72.51 5.25
8.0 60.01 71.09 5.63
9.0 55.79 68.44 4.86
10.0 52.37 63.55 4.87
11.0 51.08 66.31 4.34
12.0 54.25 68.26 6.21
13.0 51.92 68.53 5.07
14.0 47.60 71.59 3.13
15.0 48.82 71.81 5.00
16.0 45.21 67.53 4.98
17.0 45.88 70.45 4.61
18.0 47.52 69.61 6.54
19.0 50.48 74.38 5.57
20.0 46.02 71.59 6.89
21.0 42.71 75.88 5.89
22.0 42.47 73.99 4.79
23.0 39.60 69.68 6.64
24.0 41.44 68.31 6.44
25.0 38.57 68.38 5.55
26.0 40.00 68.11 4.58
27.0 40.26 71.03 2.78
28.0 43.52 66.17 2.17
29.0 46.50 71.05 2.76
30.0 47.03 73.94 3.45
31.0 48.95 71.51 3.48
32.0 47.69 67.87 2.40
33.0 45.58 69.40 4.37
34.0 49.39 65.99 3.68
35.0 49.00 67.23 3.79
36.0 49.80 69.66 3.87
37.0 54.32 72.29 4.04
38.0 52.89 77.22 4.35
39.0 48.84 74.93 2.36
40.0 49.80 79.43 0.47
41.0 50.93 74.77 0.00
42.0 46.08 74.44 0.24
43.0 42.30 74.22 0.00
44.0 43.66 75.24 0.00
45.0 43.95 77.18 0.00
46.0 48.17 72.71 0.79
47.0 49.93 74.46 0.12
48.0 51.27 69.65 0.00
49.0 48.35 70.95 0.00
50.0 44.57 73.31 1.06
51.0 48.08 76.22 2.47
52.0 50.81 77.64 1.68
53.0 48.43 81.94 2.68
54.0 45.33 82.94 3.73
55.0 45.53 83.58 2.52
56.0 45.39 86.50 4.21
57.0 42.42 88.75 4.17
58.0 47.03 93.24 3.33
59.0 44.14 97.78 3.80
60.0 46.86 99.33 2.55
