0 30 37 35
1 30 37 35
2 30 37 35
3 30 37 35
4 30 37 35
5 30 37 35
6 30 37 35
7 30 37 35
8 30 37 35
9 30 37 35
10 30 37 35
11 30 37 35
12 30 37 35
13 30 37 35
14 30 37 35
15 30 37 35
16 30 37 35
17 30 37 35
18 30 37 35
19 30 37 35
20 30 37 35
21 30 37 35
22 30 37 35
23 30 37 35
24 30 37 35
25 30 37 35
26 30 37 35
27 30 37 35
28 30 37 35
29 30 37 35
30 30 37 35
31 30 37 35
32 30 37 35
33 30 37 35
34 30 37 35
35 30 37 35
36 30 37 35
37 30 37 35
38 30 37 35
39 30 37 35
40 30 37 35
41 30 37 35
42 30 37 35
43 30 37 35
44 30 37 35
45 30 37 35
46 30 37 35
47 30 37 35
48 30 37 35
49 30 37 35
50 30 37 35
51 30 37 35
52 30 37 35
53 30 37 35
54 30 37 35
55 30 37 35
56 30 37 35
57 30 37 35
58 30 37 35
59 30 37 35
60 30 37 35
61 30 37 35
62 30 37 35
63 30 37 35
64 30 37 35
65 30 37 35
