0 34 31 47
1 34 31 47
2 34 31 47
3 34 31 47
4 34 31 47
5 34 31 47
6 34 31 47
7 34 31 47
8 34 31 47
9 34 31 47
10 34 31 47
11 34 31 47
12 34 31 47
13 34 31 47
14 34 31 47
15 34 31 47
16 34 31 47
17 34 31 47
18 34 31 47
19 34 31 47
20 34 31 47
21 34 31 47
22 34 31 47
23 34 31 47
24 34 31 47
25 34 31 47
26 34 31 47
27 34 31 47
28 34 31 47
29 34 31 47
30 34 31 47
31 34 31 47
32 34 31 47
33 34 31 47
34 34 31 47
35 34 31 47
36 34 31 47
37 34 31 47
38 34 31 47
39 34 31 47
40 34 31 47
41 34 31 47
42 34 31 47
43 34 31 47
44 34 31 47
45 34 31 47
46 34 31 47
47 34 31 47
48 34 31 47
49 34 31 47
50 34 31 47
51 34 31 47
52 34 31 47
53 34 31 47
54 34 31 47
55 34 31 47
56 34 31 47
57 34 31 47
58 34 31 47
59 34 31 47
60 34 31 47
61 34 31 47
62 34 31 47
63 34 31 47
64 34 31 47
65 34 31 47
