0.0 5.68 21.89 12.22
1.0 3.57 26.02 13.65
2.0 7.44 29.00 12.84
3.0 8.97 33.41 12.03
4.0 5.58 28.60 13.87
5.0 6.16 31.30 13.03
6.0 4.61 26.83 12.02
7.0 5.48 24.49 11.32
8.0 10.44 25.27 11.60
9.0 11.48 24.83 12.43
10.0 10.34 26.50 11.82
11.0 13.51 22.19 11.21
12.0 15.19 24.78 12.08
13.0 15.48 22.74 10.42
14.0 16.90 25.61 11.01
15.0 15.86 20.91 12.61
16.0 14.30 22.24 13.60
17.0 13.50 26.29 12.91
18.0 18.26 23.87 13.80
19.0 21.21 23.80 14.10
20.0 23.57 21.05 12.71
21.0 21.56 20.28 13.10
22.0 24.71 17.29 11.83
23.0 29.06 20.02 13.02
24.0 32.99 17.77 13.56
25.0 29.15 17.07 12.84
26.0 31.32 17.29 13.18
27.0 30.26 16.17 14.05
28.0 25.40 13.73 14.12
29.0 22.74 15.70 15.31
30.0 22.63 12.29 14.55
31.0 23.08 15.42 13.37
32.0 25.99 11.58 11.76
33.0 28.44 9.26 10.16
34.0 25.85 10.12 9.64
35.0 22.55 6.18 8.70
36.0 24.87 6.29 10.45
37.0 29.15 3.48 10.46
38.0 26.59 6.46 9.26
39.0 28.09 10.16 10.79
40.0 25.48 14.04 11.10
41.0 21.68 9.16 10.48
42.0 21.56 6.28 11.23
43.0 22.39 2.29 12.42
44.0 26.07 4.51 11.95
45.0 23.69 0.00 11.82
46.0 24.19 0.00 12.23
47.0 20.22 0.00 13.55
48.0 15.82 3.74 13.57
49.0 15.64 8.70 13.71
50.0 17.07 10.58 11.73
51.0 17.59 15.38 12.63
52.0 13.58 19.14 10.90
53.0 14.97 17.67 12.46
54.0 12.21 13.16 10.92
55.0 12.72 13.91 12.79
56.0 8.29 13.83 10.83
57.0 12.77 17.83 12.31
58.0 9.58 21.90 13.33
59.0 6.87 25.32 13.00
60.0 3.83 28.54 13.15
