0 38 44 25
1 38 44 25
2 38 44 25
3 38 44 25
4 38 44 25
5 38 44 25
6 38 44 25
7 38 44 25
8 38 44 25
9 38 44 25
10 38 44 25
11 38 44 25
12 38 44 25
13 38 44 25
14 38 44 25
15 38 44 25
16 38 44 25
17 38 44 25
18 38 44 25
19 38 44 25
20 38 44 25
21 38 44 25
22 38 44 25
23 38 44 25
24 38 44 25
25 38 44 25
26 38 44 25
27 38 44 25
28 38 44 25
29 38 44 25
30 38 44 25
31 38 44 25
32 38 44 25
33 38 44 25
34 38 44 25
35 38 44 25
36 38 44 25
37 38 44 25
38 38 44 25
39 38 44 25
40 38 44 25
41 38 44 25
42 38 44 25
43 38 44 25
44 38 44 25
45 38 44 25
46 38 44 25
47 38 44 25
48 38 44 25
49 38 44 25
50 38 44 25
51 38 44 25
52 38 44 25
53 38 44 25
54 38 44 25
55 38 44 25
56 38 44 25
57 38 44 25
58 38 44 25
59 38 44 25
60 38 44 25
61 38 44 25
62 38 44 25
63 38 44 25
64 38 44 25
65 38 44 25
