0 33 33 70
1 33 33 70
2 33 33 70
3 33 33 70
4 33 33 70
5 33 33 70
6 33 33 70
7 33 33 70
8 33 33 70
9 33 33 70
10 33 33 70
11 33 33 70
12 33 33 70
13 33 33 70
14 33 33 70
15 33 33 70
16 33 33 70
17 33 33 70
18 33 33 70
19 33 33 70
20 33 33 70
21 33 33 70
22 33 33 70
23 33 33 70
24 33 33 70
25 33 33 70
26 33 33 70
27 33 33 70
28 33 33 70
29 33 33 70
30 33 33 70
31 33 33 70
32 33 33 70
33 33 33 70
34 33 33 70
35 33 33 70
36 33 33 70
37 33 33 70
38 33 33 70
39 33 33 70
40 33 33 70
41 33 33 70
42 33 33 70
43 33 33 70
44 33 33 70
45 33 33 70
46 33 33 70
47 33 33 70
48 33 33 70
49 33 33 70
50 33 33 70
51 33 33 70
52 33 33 70
53 33 33 70
54 33 33 70
55 33 33 70
56 33 33 70
57 33 33 70
58 33 33 70
59 33 33 70
60 33 33 70
61 33 33 70
62 33 33 70
63 33 33 70
64 33 33 70
65 33 33 70
