0 20 33 94
1 20 33 94
2 20 33 94
3 20 33 94
4 20 33 94
5 20 33 94
6 20 33 94
7 20 33 94
8 20 33 94
9 20 33 94
10 20 33 94
11 20 33 94
12 20 33 94
13 20 33 94
14 20 33 94
15 20 33 94
16 20 33 94
17 20 33 94
18 20 33 94
19 20 33 94
20 20 33 94
21 20 33 94
22 20 33 94
23 20 33 94
24 20 33 94
25 20 33 94
26 20 33 94
27 20 33 94
28 20 33 94
29 20 33 94
30 20 33 94
31 20 33 94
32 20 33 94
33 20 33 94
34 20 33 94
35 20 33 94
36 20 33 94
37 20 33 94
38 20 33 94
39 20 33 94
40 20 33 94
41 20 33 94
42 20 33 94
43 20 33 94
44 20 33 94
45 20 33 94
46 20 33 94
47 20 33 94
48 20 33 94
49 20 33 94
50 20 33 94
51 20 33 94
52 20 33 94
53 20 33 94
54 20 33 94
55 20 33 94
56 20 33 94
57 20 33 94
58 20 33 94
59 20 33 94
60 20 33 94
61 20 33 94
62 20 33 94
63 20 33 94
64 20 33 94
65 20 33 94
