0 29 34 47
1 29 34 47
2 29 34 47
3 29 34 47
4 29 34 47
5 29 34 47
6 29 34 47
7 29 34 47
8 29 34 47
9 29 34 47
10 29 34 47
11 29 34 47
12 29 34 47
13 29 34 47
14 29 34 47
15 29 34 47
16 29 34 47
17 29 34 47
18 29 34 47
19 29 34 47
20 29 34 47
21 29 34 47
22 29 34 47
23 29 34 47
24 29 34 47
25 29 34 47
26 29 34 47
27 29 34 47
28 29 34 47
29 29 34 47
30 29 34 47
31 29 34 47
32 29 34 47
33 29 34 47
34 29 34 47
35 29 34 47
36 29 34 47
37 29 34 47
38 29 34 47
39 29 34 47
40 29 34 47
41 29 34 47
42 29 34 47
43 29 34 47
44 29 34 47
45 29 34 47
46 29 34 47
47 29 34 47
48 29 34 47
49 29 34 47
50 29 34 47
51 29 34 47
52 29 34 47
53 29 34 47
54 29 34 47
55 29 34 47
56 29 34 47
57 29 34 47
58 29 34 47
59 29 34 47
60 29 34 47
61 29 34 47
62 29 34 47
63 29 34 47
64 29 34 47
65 29 34 47
