0 24 14 65
1 24 14 65
2 24 14 65
3 24 14 65
4 24 14 65
5 24 14 65
6 24 14 65
7 24 14 65
8 24 14 65
9 24 14 65
10 24 14 65
11 24 14 65
12 24 14 65
13 24 14 65
14 24 14 65
15 24 14 65
16 24 14 65
17 24 14 65
18 24 14 65
19 24 14 65
20 24 14 65
21 24 14 65
22 24 14 65
23 24 14 65
24 24 14 65
25 24 14 65
26 24 14 65
27 24 14 65
28 24 14 65
29 24 14 65
30 24 14 65
31 24 14 65
32 24 14 65
33 24 14 65
34 24 14 65
35 24 14 65
36 24 14 65
37 24 14 65
38 24 14 65
39 24 14 65
40 24 14 65
41 24 14 65
42 24 14 65
43 24 14 65
44 24 14 65
45 24 14 65
46 24 14 65
47 24 14 65
48 24 14 65
49 24 14 65
50 24 14 65
51 24 14 65
52 24 14 65
53 24 14 65
54 24 14 65
55 24 14 65
56 24 14 65
57 24 14 65
58 24 14 65
59 24 14 65
60 24 14 65
61 24 14 65
62 24 14 65
63 24 14 65
64 24 14 65
65 24 14 65
