0 35 16 78
1 35 16 78
2 35 16 78
3 35 16 78
4 35 16 78
5 35 16 78
6 35 16 78
7 35 16 78
8 35 16 78
9 35 16 78
10 35 16 78
11 35 16 78
12 35 16 78
13 35 16 78
14 35 16 78
15 35 16 78
16 35 16 78
17 35 16 78
18 35 16 78
19 35 16 78
20 35 16 78
21 35 16 78
22 35 16 78
23 35 16 78
24 35 16 78
25 35 16 78
26 35 16 78
27 35 16 78
28 35 16 78
29 35 16 78
30 35 16 78
31 35 16 78
32 35 16 78
33 35 16 78
34 35 16 78
35 35 16 78
36 35 16 78
37 35 16 78
38 35 16 78
39 35 16 78
40 35 16 78
41 35 16 78
42 35 16 78
43 35 16 78
44 35 16 78
45 35 16 78
46 35 16 78
47 35 16 78
48 35 16 78
49 35 16 78
50 35 16 78
51 35 16 78
52 35 16 78
53 35 16 78
54 35 16 78
55 35 16 78
56 35 16 78
57 35 16 78
58 35 16 78
59 35 16 78
60 35 16 78
61 35 16 78
62 35 16 78
63 35 16 78
64 35 16 78
65 35 16 78
