0 42 13 7
1 42 13 7
2 42 13 7
3 42 13 7
4 42 13 7
5 42 13 7
6 42 13 7
7 42 13 7
8 42 13 7
9 42 13 7
10 42 13 7
11 42 13 7
12 42 13 7
13 42 13 7
14 42 13 7
15 42 13 7
16 42 13 7
17 42 13 7
18 42 13 7
19 42 13 7
20 42 13 7
21 42 13 7
22 42 13 7
23 42 13 7
24 42 13 7
25 42 13 7
26 42 13 7
27 42 13 7
28 42 13 7
29 42 13 7
30 42 13 7
31 42 13 7
32 42 13 7
33 42 13 7
34 42 13 7
35 42 13 7
36 42 13 7
37 42 13 7
38 42 13 7
39 42 13 7
40 42 13 7
41 42 13 7
42 42 13 7
43 42 13 7
44 42 13 7
45 42 13 7
46 42 13 7
47 42 13 7
48 42 13 7
49 42 13 7
50 42 13 7
51 42 13 7
52 42 13 7
53 42 13 7
54 42 13 7
55 42 13 7
56 42 13 7
57 42 13 7
58 42 13 7
59 42 13 7
60 42 13 7
61 42 13 7
62 42 13 7
63 42 13 7
64 42 13 7
65 42 13 7
