0 28 43 3
1 28 43 3
2 28 43 3
3 28 43 3
4 28 43 3
5 28 43 3
6 28 43 3
7 28 43 3
8 28 43 3
9 28 43 3
10 28 43 3
11 28 43 3
12 28 43 3
13 28 43 3
14 28 43 3
15 28 43 3
16 28 43 3
17 28 43 3
18 28 43 3
19 28 43 3
20 28 43 3
21 28 43 3
22 28 43 3
23 28 43 3
24 28 43 3
25 28 43 3
26 28 43 3
27 28 43 3
28 28 43 3
29 28 43 3
30 28 43 3
31 28 43 3
32 28 43 3
33 28 43 3
34 28 43 3
35 28 43 3
36 28 43 3
37 28 43 3
38 28 43 3
39 28 43 3
40 28 43 3
41 28 43 3
42 28 43 3
43 28 43 3
44 28 43 3
45 28 43 3
46 28 43 3
47 28 43 3
48 28 43 3
49 28 43 3
50 28 43 3
51 28 43 3
52 28 43 3
53 28 43 3
54 28 43 3
55 28 43 3
56 28 43 3
57 28 43 3
58 28 43 3
59 28 43 3
60 28 43 3
61 28 43 3
62 28 43 3
63 28 43 3
64 28 43 3
65 28 43 3
