0 15 25 31
1 15 25 31
2 15 25 31
3 15 25 31
4 15 25 31
5 15 25 31
6 15 25 31
7 15 25 31
8 15 25 31
9 15 25 31
10 15 25 31
11 15 25 31
12 15 25 31
13 15 25 31
14 15 25 31
15 15 25 31
16 15 25 31
17 15 25 31
18 15 25 31
19 15 25 31
20 15 25 31
21 15 25 31
22 15 25 31
23 15 25 31
24 15 25 31
25 15 25 31
26 15 25 31
27 15 25 31
28 15 25 31
29 15 25 31
30 15 25 31
31 15 25 31
32 15 25 31
33 15 25 31
34 15 25 31
35 15 25 31
36 15 25 31
37 15 25 31
38 15 25 31
39 15 25 31
40 15 25 31
41 15 25 31
42 15 25 31
43 15 25 31
44 15 25 31
45 15 25 31
46 15 25 31
47 15 25 31
48 15 25 31
49 15 25 31
50 15 25 31
51 15 25 31
52 15 25 31
53 15 25 31
54 15 25 31
55 15 25 31
56 15 25 31
57 15 25 31
58 15 25 31
59 15 25 31
60 15 25 31
61 15 25 31
62 15 25 31
63 15 25 31
64 15 25 31
65 15 25 31
