0 49 22 4
1 49 22 4
2 49 22 4
3 49 22 4
4 49 22 4
5 49 22 4
6 49 22 4
7 49 22 4
8 49 22 4
9 49 22 4
10 49 22 4
11 49 22 4
12 49 22 4
13 49 22 4
14 49 22 4
15 49 22 4
16 49 22 4
17 49 22 4
18 49 22 4
19 49 22 4
20 49 22 4
21 49 22 4
22 49 22 4
23 49 22 4
24 49 22 4
25 49 22 4
26 49 22 4
27 49 22 4
28 49 22 4
29 49 22 4
30 49 22 4
31 49 22 4
32 49 22 4
33 49 22 4
34 49 22 4
35 49 22 4
36 49 22 4
37 49 22 4
38 49 22 4
39 49 22 4
40 49 22 4
41 49 22 4
42 49 22 4
43 49 22 4
44 49 22 4
45 49 22 4
46 49 22 4
47 49 22 4
48 49 22 4
49 49 22 4
50 49 22 4
51 49 22 4
52 49 22 4
53 49 22 4
54 49 22 4
55 49 22 4
56 49 22 4
57 49 22 4
58 49 22 4
59 49 22 4
60 49 22 4
61 49 22 4
62 49 22 4
63 49 22 4
64 49 22 4
65 49 22 4
