0 29 23 68
1 29 23 68
2 29 23 68
3 29 23 68
4 29 23 68
5 29 23 68
6 29 23 68
7 29 23 68
8 29 23 68
9 29 23 68
10 29 23 68
11 29 23 68
12 29 23 68
13 29 23 68
14 29 23 68
15 29 23 68
16 29 23 68
17 29 23 68
18 29 23 68
19 29 23 68
20 29 23 68
21 29 23 68
22 29 23 68
23 29 23 68
24 29 23 68
25 29 23 68
26 29 23 68
27 29 23 68
28 29 23 68
29 29 23 68
30 29 23 68
31 29 23 68
32 29 23 68
33 29 23 68
34 29 23 68
35 29 23 68
36 29 23 68
37 29 23 68
38 29 23 68
39 29 23 68
40 29 23 68
41 29 23 68
42 29 23 68
43 29 23 68
44 29 23 68
45 29 23 68
46 29 23 68
47 29 23 68
48 29 23 68
49 29 23 68
50 29 23 68
51 29 23 68
52 29 23 68
53 29 23 68
54 29 23 68
55 29 23 68
56 29 23 68
57 29 23 68
58 29 23 68
59 29 23 68
60 29 23 68
61 29 23 68
62 29 23 68
63 29 23 68
64 29 23 68
65 29 23 68
