0.0 66.02 8.41 14.06
1.0 61.49 10.15 14.66
2.0 62.90 13.86 13.21
3.0 61.72 17.69 11.52
4.0 60.86 16.91 11.31
5.0 58.43 17.88 12.38
6.0 61.43 14.13 12.12
7.0 63.88 13.85 14.04
8.0 62.47 13.08 15.32
9.0 61.38 8.53 16.35
10.0 59.64 11.56 17.31
11.0 61.28 13.34 18.45
12.0 61.28 16.79 19.45
13.0 58.20 17.02 19.40
14.0 61.72 19.33 20.00
15.0 65.63 19.33 18.86
16.0 69.53 23.94 19.04
17.0 69.29 28.87 20.00
18.0 67.98 27.01 20.00
19.0 68.97 30.97 20.00
20.0 70.46 27.05 20.00
21.0 66.16 24.65 20.00
22.0 64.04 22.22 19.68
23.0 66.08 19.60 20.00
24.0 62.25 20.26 20.00
25.0 62.17 23.96 20.00
26.0 60.99 21.00 20.00
27.0 60.03 24.97 19.18
28.0 60.89 26.48 18.12
29.0 64.73 27.51 17.31
30.0 62.53 22.74 16.25
31.0 62.85 25.93 14.40
32.0 66.32 28.05 15.46
33.0 70.19 29.04 16.92
34.0 71.69 33.94 18.24
35.0 69.53 32.78 16.51
36.0 74.07 31.06 15.21
37.0 75.66 35.15 16.17
38.0 71.85 30.29 14.33
39.0 74.98 29.97 14.87
40.0 72.74 29.53 15.02
41.0 69.39 27.09 15.95
42.0 69.88 25.90 14.04
43.0 72.88 23.68 12.84
44.0 77.32 27.73 14.75
45.0 77.51 26.08 13.69
46.0 81.71 29.87 12.16
47.0 80.93 28.42 11.80
48.0 83.59 25.08 10.88
49.0 86.94 26.99 9.31
50.0 84.30 31.81 8.53
51.0 88.79 31.66 7.21
52.0 86.15 28.94 6.89
53.0 84.80 30.20 6.21
54.0 87.44 27.37 5.20
55.0 86.18 27.48 5.53
56.0 90.52 27.21 4.72
57.0 90.41 26.01 4.85
58.0 93.62 21.80 4.40
59.0 93.84 21.53 5.90
60.0 97.77 23.33 4.71
