0 27 28 65
1 27 28 65
2 27 28 65
3 27 28 65
4 27 28 65
5 27 28 65
6 27 28 65
7 27 28 65
8 27 28 65
9 27 28 65
10 27 28 65
11 27 28 65
12 27 28 65
13 27 28 65
14 27 28 65
15 27 28 65
16 27 28 65
17 27 28 65
18 27 28 65
19 27 28 65
20 27 28 65
21 27 28 65
22 27 28 65
23 27 28 65
24 27 28 65
25 27 28 65
26 27 28 65
27 27 28 65
28 27 28 65
29 27 28 65
30 27 28 65
31 27 28 65
32 27 28 65
33 27 28 65
34 27 28 65
35 27 28 65
36 27 28 65
37 27 28 65
38 27 28 65
39 27 28 65
40 27 28 65
41 27 28 65
42 27 28 65
43 27 28 65
44 27 28 65
45 27 28 65
46 27 28 65
47 27 28 65
48 27 28 65
49 27 28 65
50 27 28 65
51 27 28 65
52 27 28 65
53 27 28 65
54 27 28 65
55 27 28 65
56 27 28 65
57 27 28 65
58 27 28 65
59 27 28 65
60 27 28 65
61 27 28 65
62 27 28 65
63 27 28 65
64 27 28 65
65 27 28 65
