0 37 22 74
1 37 22 74
2 37 22 74
3 37 22 74
4 37 22 74
5 37 22 74
6 37 22 74
7 37 22 74
8 37 22 74
9 37 22 74
10 37 22 74
11 37 22 74
12 37 22 74
13 37 22 74
14 37 22 74
15 37 22 74
16 37 22 74
17 37 22 74
18 37 22 74
19 37 22 74
20 37 22 74
21 37 22 74
22 37 22 74
23 37 22 74
24 37 22 74
25 37 22 74
26 37 22 74
27 37 22 74
28 37 22 74
29 37 22 74
30 37 22 74
31 37 22 74
32 37 22 74
33 37 22 74
34 37 22 74
35 37 22 74
36 37 22 74
37 37 22 74
38 37 22 74
39 37 22 74
40 37 22 74
41 37 22 74
42 37 22 74
43 37 22 74
44 37 22 74
45 37 22 74
46 37 22 74
47 37 22 74
48 37 22 74
49 37 22 74
50 37 22 74
51 37 22 74
52 37 22 74
53 37 22 74
54 37 22 74
55 37 22 74
56 37 22 74
57 37 22 74
58 37 22 74
59 37 22 74
60 37 22 74
61 37 22 74
62 37 22 74
63 37 22 74
64 37 22 74
65 37 22 74
