0 41 24 86
1 41 24 86
2 41 24 86
3 41 24 86
4 41 24 86
5 41 24 86
6 41 24 86
7 41 24 86
8 41 24 86
9 41 24 86
10 41 24 86
11 41 24 86
12 41 24 86
13 41 24 86
14 41 24 86
15 41 24 86
16 41 24 86
17 41 24 86
18 41 24 86
19 41 24 86
20 41 24 86
21 41 24 86
22 41 24 86
23 41 24 86
24 41 24 86
25 41 24 86
26 41 24 86
27 41 24 86
28 41 24 86
29 41 24 86
30 41 24 86
31 41 24 86
32 41 24 86
33 41 24 86
34 41 24 86
35 41 24 86
36 41 24 86
37 41 24 86
38 41 24 86
39 41 24 86
40 41 24 86
41 41 24 86
42 41 24 86
43 41 24 86
44 41 24 86
45 41 24 86
46 41 24 86
47 41 24 86
48 41 24 86
49 41 24 86
50 41 24 86
51 41 24 86
52 41 24 86
53 41 24 86
54 41 24 86
55 41 24 86
56 41 24 86
57 41 24 86
58 41 24 86
59 41 24 86
60 41 24 86
61 41 24 86
62 41 24 86
63 41 24 86
64 41 24 86
65 41 24 86
