0 21 15 81
1 21 15 81
2 21 15 81
3 21 15 81
4 21 15 81
5 21 15 81
6 21 15 81
7 21 15 81
8 21 15 81
9 21 15 81
10 21 15 81
11 21 15 81
12 21 15 81
13 21 15 81
14 21 15 81
15 21 15 81
16 21 15 81
17 21 15 81
18 21 15 81
19 21 15 81
20 21 15 81
21 21 15 81
22 21 15 81
23 21 15 81
24 21 15 81
25 21 15 81
26 21 15 81
27 21 15 81
28 21 15 81
29 21 15 81
30 21 15 81
31 21 15 81
32 21 15 81
33 21 15 81
34 21 15 81
35 21 15 81
36 21 15 81
37 21 15 81
38 21 15 81
39 21 15 81
40 21 15 81
41 21 15 81
42 21 15 81
43 21 15 81
44 21 15 81
45 21 15 81
46 21 15 81
47 21 15 81
48 21 15 81
49 21 15 81
50 21 15 81
51 21 15 81
52 21 15 81
53 21 15 81
54 21 15 81
55 21 15 81
56 21 15 81
57 21 15 81
58 21 15 81
59 21 15 81
60 21 15 81
61 21 15 81
62 21 15 81
63 21 15 81
64 21 15 81
65 21 15 81
