0 39 39 64
1 39 39 64
2 39 39 64
3 39 39 64
4 39 39 64
5 39 39 64
6 39 39 64
7 39 39 64
8 39 39 64
9 39 39 64
10 39 39 64
11 39 39 64
12 39 39 64
13 39 39 64
14 39 39 64
15 39 39 64
16 39 39 64
17 39 39 64
18 39 39 64
19 39 39 64
20 39 39 64
21 39 39 64
22 39 39 64
23 39 39 64
24 39 39 64
25 39 39 64
26 39 39 64
27 39 39 64
28 39 39 64
29 39 39 64
30 39 39 64
31 39 39 64
32 39 39 64
33 39 39 64
34 39 39 64
35 39 39 64
36 39 39 64
37 39 39 64
38 39 39 64
39 39 39 64
40 39 39 64
41 39 39 64
42 39 39 64
43 39 39 64
44 39 39 64
45 39 39 64
46 39 39 64
47 39 39 64
48 39 39 64
49 39 39 64
50 39 39 64
51 39 39 64
52 39 39 64
53 39 39 64
54 39 39 64
55 39 39 64
56 39 39 64
57 39 39 64
58 39 39 64
59 39 39 64
60 39 39 64
61 39 39 64
62 39 39 64
63 39 39 64
64 39 39 64
65 39 39 64
