0 48 32 6
1 48 32 6
2 48 32 6
3 48 32 6
4 48 32 6
5 48 32 6
6 48 32 6
7 48 32 6
8 48 32 6
9 48 32 6
10 48 32 6
11 48 32 6
12 48 32 6
13 48 32 6
14 48 32 6
15 48 32 6
16 48 32 6
17 48 32 6
18 48 32 6
19 48 32 6
20 48 32 6
21 48 32 6
22 48 32 6
23 48 32 6
24 48 32 6
25 48 32 6
26 48 32 6
27 48 32 6
28 48 32 6
29 48 32 6
30 48 32 6
31 48 32 6
32 48 32 6
33 48 32 6
34 48 32 6
35 48 32 6
36 48 32 6
37 48 32 6
38 48 32 6
39 48 32 6
40 48 32 6
41 48 32 6
42 48 32 6
43 48 32 6
44 48 32 6
45 48 32 6
46 48 32 6
47 48 32 6
48 48 32 6
49 48 32 6
50 48 32 6
51 48 32 6
52 48 32 6
53 48 32 6
54 48 32 6
55 48 32 6
56 48 32 6
57 48 32 6
58 48 32 6
59 48 32 6
60 48 32 6
61 48 32 6
62 48 32 6
63 48 32 6
64 48 32 6
65 48 32 6
