0 40 30 31
1 40 30 31
2 40 30 31
3 40 30 31
4 40 30 31
5 40 30 31
6 40 30 31
7 40 30 31
8 40 30 31
9 40 30 31
10 40 30 31
11 40 30 31
12 40 30 31
13 40 30 31
14 40 30 31
15 40 30 31
16 40 30 31
17 40 30 31
18 40 30 31
19 40 30 31
20 40 30 31
21 40 30 31
22 40 30 31
23 40 30 31
24 40 30 31
25 40 30 31
26 40 30 31
27 40 30 31
28 40 30 31
29 40 30 31
30 40 30 31
31 40 30 31
32 40 30 31
33 40 30 31
34 40 30 31
35 40 30 31
36 40 30 31
37 40 30 31
38 40 30 31
39 40 30 31
40 40 30 31
41 40 30 31
42 40 30 31
43 40 30 31
44 40 30 31
45 40 30 31
46 40 30 31
47 40 30 31
48 40 30 31
49 40 30 31
50 40 30 31
51 40 30 31
52 40 30 31
53 40 30 31
54 40 30 31
55 40 30 31
56 40 30 31
57 40 30 31
58 40 30 31
59 40 30 31
60 40 30 31
61 40 30 31
62 40 30 31
63 40 30 31
64 40 30 31
65 40 30 31
