0 21 29 47
1 21 29 47
2 21 29 47
3 21 29 47
4 21 29 47
5 21 29 47
6 21 29 47
7 21 29 47
8 21 29 47
9 21 29 47
10 21 29 47
11 21 29 47
12 21 29 47
13 21 29 47
14 21 29 47
15 21 29 47
16 21 29 47
17 21 29 47
18 21 29 47
19 21 29 47
20 21 29 47
21 21 29 47
22 21 29 47
23 21 29 47
24 21 29 47
25 21 29 47
26 21 29 47
27 21 29 47
28 21 29 47
29 21 29 47
30 21 29 47
31 21 29 47
32 21 29 47
33 21 29 47
34 21 29 47
35 21 29 47
36 21 29 47
37 21 29 47
38 21 29 47
39 21 29 47
40 21 29 47
41 21 29 47
42 21 29 47
43 21 29 47
44 21 29 47
45 21 29 47
46 21 29 47
47 21 29 47
48 21 29 47
49 21 29 47
50 21 29 47
51 21 29 47
52 21 29 47
53 21 29 47
54 21 29 47
55 21 29 47
56 21 29 47
57 21 29 47
58 21 29 47
59 21 29 47
60 21 29 47
61 21 29 47
62 21 29 47
63 21 29 47
64 21 29 47
65 21 29 47
