0 34 16 31
1 34 16 31
2 34 16 31
3 34 16 31
4 34 16 31
5 34 16 31
6 34 16 31
7 34 16 31
8 34 16 31
9 34 16 31
10 34 16 31
11 34 16 31
12 34 16 31
13 34 16 31
14 34 16 31
15 34 16 31
16 34 16 31
17 34 16 31
18 34 16 31
19 34 16 31
20 34 16 31
21 34 16 31
22 34 16 31
23 34 16 31
24 34 16 31
25 34 16 31
26 34 16 31
27 34 16 31
28 34 16 31
29 34 16 31
30 34 16 31
31 34 16 31
32 34 16 31
33 34 16 31
34 34 16 31
35 34 16 31
36 34 16 31
37 34 16 31
38 34 16 31
39 34 16 31
40 34 16 31
41 34 16 31
42 34 16 31
43 34 16 31
44 34 16 31
45 34 16 31
46 34 16 31
47 34 16 31
48 34 16 31
49 34 16 31
50 34 16 31
51 34 16 31
52 34 16 31
53 34 16 31
54 34 16 31
55 34 16 31
56 34 16 31
57 34 16 31
58 34 16 31
59 34 16 31
60 34 16 31
61 34 16 31
62 34 16 31
63 34 16 31
64 34 16 31
65 34 16 31
