0.0 96.98 43.19 2.85
1.0 93.28 46.10 0.95
2.0 91.51 46.64 2.57
3.0 92.87 43.01 3.75
4.0 95.35 43.43 2.39
5.0 98.07 41.13 1.95
6.0 100.00 36.20 1.74
7.0 100.00 38.59 0.00
8.0 100.00 36.21 0.00
9.0 97.73 39.33 0.21
10.0 99.80 40.44 0.00
11.0 97.18 38.11 0.00
12.0 96.90 36.64 0.90
13.0 96.72 32.14 0.24
14.0 95.75 28.90 0.11
15.0 92.03 29.55 0.00
16.0 92.20 32.31 0.00
17.0 88.49 28.38 0.02
18.0 90.07 24.29 0.82
19.0 93.16 19.53 1.25
20.0 90.05 16.44 0.00
21.0 93.96 13.34 1.68
22.0 98.90 15.21 0.81
23.0 100.00 11.39 1.18
24.0 100.00 12.45 1.52
25.0 100.00 13.09 3.06
26.0 98.58 9.79 4.90
27.0 94.58 12.28 4.65
28.0 94.89 9.74 4.10
29.0 90.36 6.18 5.19
30.0 86.28 1.69 4.30
31.0 89.79 5.11 3.62
32.0 85.83 8.86 2.54
33.0 82.54 13.73 1.69
34.0 87.46 18.01 0.60
35.0 90.39 18.02 0.88
36.0 88.30 16.68 0.72
37.0 91.37 21.24 0.00
38.0 88.08 18.58 0.55
39.0 87.04 23.48 0.00
40.0 84.70 20.70 0.00
41.0 84.56 20.31 0.00
42.0 80.79 21.60 0.30
43.0 83.92 26.09 1.41
44.0 84.10 30.76 1.59
45.0 80.18 34.99 2.32
46.0 82.01 33.04 0.43
47.0 78.61 30.81 0.00
48.0 77.51 27.85 0.42
49.0 74.35 30.35 1.03
50.0 73.09 26.86 2.83
51.0 73.66 23.88 3.34
52.0 70.41 22.52 3.49
53.0 70.94 19.22 1.80
54.0 69.63 18.11 3.22
55.0 70.93 17.79 4.85
56.0 70.25 22.04 5.06
57.0 72.43 17.82 4.93
58.0 71.02 20.80 3.79
59.0 66.51 18.22 1.96
60.0 71.31 15.14 0.30
