0 47 38 4
1 47 38 4
2 47 38 4
3 47 38 4
4 47 38 4
5 47 38 4
6 47 38 4
7 47 38 4
8 47 38 4
9 47 38 4
10 47 38 4
11 47 38 4
12 47 38 4
13 47 38 4
14 47 38 4
15 47 38 4
16 47 38 4
17 47 38 4
18 47 38 4
19 47 38 4
20 47 38 4
21 47 38 4
22 47 38 4
23 47 38 4
24 47 38 4
25 47 38 4
26 47 38 4
27 47 38 4
28 47 38 4
29 47 38 4
30 47 38 4
31 47 38 4
32 47 38 4
33 47 38 4
34 47 38 4
35 47 38 4
36 47 38 4
37 47 38 4
38 47 38 4
39 47 38 4
40 47 38 4
41 47 38 4
42 47 38 4
43 47 38 4
44 47 38 4
45 47 38 4
46 47 38 4
47 47 38 4
48 47 38 4
49 47 38 4
50 47 38 4
51 47 38 4
52 47 38 4
53 47 38 4
54 47 38 4
55 47 38 4
56 47 38 4
57 47 38 4
58 47 38 4
59 47 38 4
60 47 38 4
61 47 38 4
62 47 38 4
63 47 38 4
64 47 38 4
65 47 38 4
