0 23 23 54
1 23 23 54
2 23 23 54
3 23 23 54
4 23 23 54
5 23 23 54
6 23 23 54
7 23 23 54
8 23 23 54
9 23 23 54
10 23 23 54
11 23 23 54
12 23 23 54
13 23 23 54
14 23 23 54
15 23 23 54
16 23 23 54
17 23 23 54
18 23 23 54
19 23 23 54
20 23 23 54
21 23 23 54
22 23 23 54
23 23 23 54
24 23 23 54
25 23 23 54
26 23 23 54
27 23 23 54
28 23 23 54
29 23 23 54
30 23 23 54
31 23 23 54
32 23 23 54
33 23 23 54
34 23 23 54
35 23 23 54
36 23 23 54
37 23 23 54
38 23 23 54
39 23 23 54
40 23 23 54
41 23 23 54
42 23 23 54
43 23 23 54
44 23 23 54
45 23 23 54
46 23 23 54
47 23 23 54
48 23 23 54
49 23 23 54
50 23 23 54
51 23 23 54
52 23 23 54
53 23 23 54
54 23 23 54
55 23 23 54
56 23 23 54
57 23 23 54
58 23 23 54
59 23 23 54
60 23 23 54
61 23 23 54
62 23 23 54
63 23 23 54
64 23 23 54
65 23 23 54
