0 17 11 25
1 17 11 25
2 17 11 25
3 17 11 25
4 17 11 25
5 17 11 25
6 17 11 25
7 17 11 25
8 17 11 25
9 17 11 25
10 17 11 25
11 17 11 25
12 17 11 25
13 17 11 25
14 17 11 25
15 17 11 25
16 17 11 25
17 17 11 25
18 17 11 25
19 17 11 25
20 17 11 25
21 17 11 25
22 17 11 25
23 17 11 25
24 17 11 25
25 17 11 25
26 17 11 25
27 17 11 25
28 17 11 25
29 17 11 25
30 17 11 25
31 17 11 25
32 17 11 25
33 17 11 25
34 17 11 25
35 17 11 25
36 17 11 25
37 17 11 25
38 17 11 25
39 17 11 25
40 17 11 25
41 17 11 25
42 17 11 25
43 17 11 25
44 17 11 25
45 17 11 25
46 17 11 25
47 17 11 25
48 17 11 25
49 17 11 25
50 17 11 25
51 17 11 25
52 17 11 25
53 17 11 25
54 17 11 25
55 17 11 25
56 17 11 25
57 17 11 25
58 17 11 25
59 17 11 25
60 17 11 25
61 17 11 25
62 17 11 25
63 17 11 25
64 17 11 25
65 17 11 25
