0 34 34 68
1 34 34 68
2 34 34 68
3 34 34 68
4 34 34 68
5 34 34 68
6 34 34 68
7 34 34 68
8 34 34 68
9 34 34 68
10 34 34 68
11 34 34 68
12 34 34 68
13 34 34 68
14 34 34 68
15 34 34 68
16 34 34 68
17 34 34 68
18 34 34 68
19 34 34 68
20 34 34 68
21 34 34 68
22 34 34 68
23 34 34 68
24 34 34 68
25 34 34 68
26 34 34 68
27 34 34 68
28 34 34 68
29 34 34 68
30 34 34 68
31 34 34 68
32 34 34 68
33 34 34 68
34 34 34 68
35 34 34 68
36 34 34 68
37 34 34 68
38 34 34 68
39 34 34 68
40 34 34 68
41 34 34 68
42 34 34 68
43 34 34 68
44 34 34 68
45 34 34 68
46 34 34 68
47 34 34 68
48 34 34 68
49 34 34 68
50 34 34 68
51 34 34 68
52 34 34 68
53 34 34 68
54 34 34 68
55 34 34 68
56 34 34 68
57 34 34 68
58 34 34 68
59 34 34 68
60 34 34 68
61 34 34 68
62 34 34 68
63 34 34 68
64 34 34 68
65 34 34 68
