0.0 93.95 8.61 19.20
1.0 93.36 4.51 19.59
2.0 96.04 0.89 20.00
3.0 96.85 0.00 20.00
4.0 96.08 0.00 20.00
5.0 100.00 1.84 20.00
6.0 100.00 5.00 19.03
7.0 96.76 3.80 19.19
8.0 99.32 1.12 18.08
9.0 98.49 0.00 16.80
10.0 97.72 2.84 16.16
11.0 100.00 0.85 16.55
12.0 100.00 3.57 17.96
13.0 98.91 3.23 17.83
14.0 99.02 8.08 19.46
15.0 100.00 12.03 17.64
16.0 98.24 7.21 17.90
17.0 96.49 7.59 16.13
18.0 99.41 8.05 15.10
19.0 100.00 9.81 14.45
20.0 100.00 7.28 13.13
21.0 99.87 8.15 13.72
22.0 100.00 11.88 14.50
23.0 100.00 11.26 15.23
24.0 98.81 13.26 14.39
25.0 98.03 11.79 14.57
26.0 100.00 13.29 15.23
27.0 100.00 13.65 16.59
28.0 98.26 8.92 16.74
29.0 99.44 12.23 15.99
30.0 98.55 17.05 17.21
31.0 97.65 15.85 17.20
32.0 100.00 18.72 17.66
33.0 95.71 15.01 17.81
34.0 94.55 15.26 18.14
35.0 96.60 14.09 16.70
36.0 91.85 13.42 17.51
37.0 89.86 12.15 17.51
38.0 93.00 11.13 17.94
39.0 89.50 11.02 16.90
40.0 91.11 6.98 15.54
41.0 92.01 3.39 13.88
42.0 96.37 8.24 12.50
43.0 98.17 12.13 12.43
44.0 95.63 10.96 11.99
45.0 98.24 11.50 11.52
46.0 99.20 13.23 11.38
47.0 95.59 17.16 10.68
48.0 97.51 13.31 10.92
49.0 95.48 17.83 10.85
50.0 91.56 21.38 12.51
51.0 95.10 17.59 12.35
52.0 90.10 18.57 11.00
53.0 94.62 20.38 12.65
54.0 92.87 16.01 11.91
55.0 93.64 12.95 13.88
56.0 94.40 10.92 15.44
57.0 98.08 12.87 15.88
58.0 95.77 15.61 15.37
59.0 100.00 10.76 17.25
60.0 99.56 8.18 18.83
