0 36 41 31
1 36 41 31
2 36 41 31
3 36 41 31
4 36 41 31
5 36 41 31
6 36 41 31
7 36 41 31
8 36 41 31
9 36 41 31
10 36 41 31
11 36 41 31
12 36 41 31
13 36 41 31
14 36 41 31
15 36 41 31
16 36 41 31
17 36 41 31
18 36 41 31
19 36 41 31
20 36 41 31
21 36 41 31
22 36 41 31
23 36 41 31
24 36 41 31
25 36 41 31
26 36 41 31
27 36 41 31
28 36 41 31
29 36 41 31
30 36 41 31
31 36 41 31
32 36 41 31
33 36 41 31
34 36 41 31
35 36 41 31
36 36 41 31
37 36 41 31
38 36 41 31
39 36 41 31
40 36 41 31
41 36 41 31
42 36 41 31
43 36 41 31
44 36 41 31
45 36 41 31
46 36 41 31
47 36 41 31
48 36 41 31
49 36 41 31
50 36 41 31
51 36 41 31
52 36 41 31
53 36 41 31
54 36 41 31
55 36 41 31
56 36 41 31
57 36 41 31
58 36 41 31
59 36 41 31
60 36 41 31
61 36 41 31
62 36 41 31
63 36 41 31
64 36 41 31
65 36 41 31
