0 19 23 35
1 19 23 35
2 19 23 35
3 19 23 35
4 19 23 35
5 19 23 35
6 19 23 35
7 19 23 35
8 19 23 35
9 19 23 35
10 19 23 35
11 19 23 35
12 19 23 35
13 19 23 35
14 19 23 35
15 19 23 35
16 19 23 35
17 19 23 35
18 19 23 35
19 19 23 35
20 19 23 35
21 19 23 35
22 19 23 35
23 19 23 35
24 19 23 35
25 19 23 35
26 19 23 35
27 19 23 35
28 19 23 35
29 19 23 35
30 19 23 35
31 19 23 35
32 19 23 35
33 19 23 35
34 19 23 35
35 19 23 35
36 19 23 35
37 19 23 35
38 19 23 35
39 19 23 35
40 19 23 35
41 19 23 35
42 19 23 35
43 19 23 35
44 19 23 35
45 19 23 35
46 19 23 35
47 19 23 35
48 19 23 35
49 19 23 35
50 19 23 35
51 19 23 35
52 19 23 35
53 19 23 35
54 19 23 35
55 19 23 35
56 19 23 35
57 19 23 35
58 19 23 35
59 19 23 35
60 19 23 35
61 19 23 35
62 19 23 35
63 19 23 35
64 19 23 35
65 19 23 35
