0 31 14 81
1 31 14 81
2 31 14 81
3 31 14 81
4 31 14 81
5 31 14 81
6 31 14 81
7 31 14 81
8 31 14 81
9 31 14 81
10 31 14 81
11 31 14 81
12 31 14 81
13 31 14 81
14 31 14 81
15 31 14 81
16 31 14 81
17 31 14 81
18 31 14 81
19 31 14 81
20 31 14 81
21 31 14 81
22 31 14 81
23 31 14 81
24 31 14 81
25 31 14 81
26 31 14 81
27 31 14 81
28 31 14 81
29 31 14 81
30 31 14 81
31 31 14 81
32 31 14 81
33 31 14 81
34 31 14 81
35 31 14 81
36 31 14 81
37 31 14 81
38 31 14 81
39 31 14 81
40 31 14 81
41 31 14 81
42 31 14 81
43 31 14 81
44 31 14 81
45 31 14 81
46 31 14 81
47 31 14 81
48 31 14 81
49 31 14 81
50 31 14 81
51 31 14 81
52 31 14 81
53 31 14 81
54 31 14 81
55 31 14 81
56 31 14 81
57 31 14 81
58 31 14 81
59 31 14 81
60 31 14 81
61 31 14 81
62 31 14 81
63 31 14 81
64 31 14 81
65 31 14 81
