0.0 67.43 0.00 4.04
1.0 66.76 0.37 5.25
2.0 64.35 0.00 6.75
3.0 64.71 3.99 6.43
4.0 63.89 0.33 6.02
5.0 66.43 0.00 4.02
6.0 69.56 2.97 3.44
7.0 65.55 3.80 3.57
8.0 60.71 6.84 5.02
9.0 64.84 7.78 4.02
10.0 65.25 3.65 2.42
11.0 63.73 0.55 1.73
12.0 58.90 2.05 2.23
13.0 60.40 0.00 1.36
14.0 65.33 0.00 1.34
15.0 65.40 1.25 1.28
16.0 68.22 0.00 1.42
17.0 65.62 0.00 1.34
18.0 66.88 4.88 1.73
19.0 67.92 3.45 2.66
20.0 72.26 4.64 2.58
21.0 70.92 8.92 1.95
22.0 66.62 6.72 3.60
23.0 63.20 5.70 1.83
24.0 67.49 5.32 0.40
25.0 67.02 2.41 1.78
26.0 71.04 3.15 1.59
27.0 67.62 2.93 1.39
28.0 65.78 5.86 1.44
29.0 65.82 3.48 0.00
30.0 68.82 1.77 1.57
31.0 72.53 3.55 2.92
32.0 68.55 5.39 2.69
33.0 65.87 3.36 2.76
34.0 69.50 2.34 4.36
35.0 64.56 1.25 2.78
36.0 64.79 0.00 3.78
37.0 68.55 0.00 5.52
38.0 65.18 0.00 4.31
39.0 62.64 2.86 5.20
40.0 59.70 1.18 3.63
41.0 57.38 4.01 5.41
42.0 61.35 4.50 3.87
43.0 62.22 7.63 4.96
44.0 60.85 9.19 4.85
45.0 61.67 7.80 3.22
46.0 56.72 10.44 3.56
47.0 53.21 10.64 5.26
48.0 54.25 14.88 3.49
49.0 52.26 16.04 1.50
50.0 53.85 14.82 1.99
51.0 56.16 12.96 3.40
52.0 51.98 17.02 3.29
53.0 51.30 18.15 5.28
54.0 53.00 22.48 5.08
55.0 50.13 20.16 6.73
56.0 48.70 21.36 7.97
57.0 44.22 25.92 7.22
58.0 43.81 28.03 7.33
59.0 40.88 30.23 9.29
60.0 39.71 27.53 7.43
