0 18 22 67
1 18 22 67
2 18 22 67
3 18 22 67
4 18 22 67
5 18 22 67
6 18 22 67
7 18 22 67
8 18 22 67
9 18 22 67
10 18 22 67
11 18 22 67
12 18 22 67
13 18 22 67
14 18 22 67
15 18 22 67
16 18 22 67
17 18 22 67
18 18 22 67
19 18 22 67
20 18 22 67
21 18 22 67
22 18 22 67
23 18 22 67
24 18 22 67
25 18 22 67
26 18 22 67
27 18 22 67
28 18 22 67
29 18 22 67
30 18 22 67
31 18 22 67
32 18 22 67
33 18 22 67
34 18 22 67
35 18 22 67
36 18 22 67
37 18 22 67
38 18 22 67
39 18 22 67
40 18 22 67
41 18 22 67
42 18 22 67
43 18 22 67
44 18 22 67
45 18 22 67
46 18 22 67
47 18 22 67
48 18 22 67
49 18 22 67
50 18 22 67
51 18 22 67
52 18 22 67
53 18 22 67
54 18 22 67
55 18 22 67
56 18 22 67
57 18 22 67
58 18 22 67
59 18 22 67
60 18 22 67
61 18 22 67
62 18 22 67
63 18 22 67
64 18 22 67
65 18 22 67
