0 10 17 8
1 10 17 8
2 10 17 8
3 10 17 8
4 10 17 8
5 10 17 8
6 10 17 8
7 10 17 8
8 10 17 8
9 10 17 8
10 10 17 8
11 10 17 8
12 10 17 8
13 10 17 8
14 10 17 8
15 10 17 8
16 10 17 8
17 10 17 8
18 10 17 8
19 10 17 8
20 10 17 8
21 10 17 8
22 10 17 8
23 10 17 8
24 10 17 8
25 10 17 8
26 10 17 8
27 10 17 8
28 10 17 8
29 10 17 8
30 10 17 8
31 10 17 8
32 10 17 8
33 10 17 8
34 10 17 8
35 10 17 8
36 10 17 8
37 10 17 8
38 10 17 8
39 10 17 8
40 10 17 8
41 10 17 8
42 10 17 8
43 10 17 8
44 10 17 8
45 10 17 8
46 10 17 8
47 10 17 8
48 10 17 8
49 10 17 8
50 10 17 8
51 10 17 8
52 10 17 8
53 10 17 8
54 10 17 8
55 10 17 8
56 10 17 8
57 10 17 8
58 10 17 8
59 10 17 8
60 10 17 8
61 10 17 8
62 10 17 8
63 10 17 8
64 10 17 8
65 10 17 8
