0 39 16 31
1 39 16 31
2 39 16 31
3 39 16 31
4 39 16 31
5 39 16 31
6 39 16 31
7 39 16 31
8 39 16 31
9 39 16 31
10 39 16 31
11 39 16 31
12 39 16 31
13 39 16 31
14 39 16 31
15 39 16 31
16 39 16 31
17 39 16 31
18 39 16 31
19 39 16 31
20 39 16 31
21 39 16 31
22 39 16 31
23 39 16 31
24 39 16 31
25 39 16 31
26 39 16 31
27 39 16 31
28 39 16 31
29 39 16 31
30 39 16 31
31 39 16 31
32 39 16 31
33 39 16 31
34 39 16 31
35 39 16 31
36 39 16 31
37 39 16 31
38 39 16 31
39 39 16 31
40 39 16 31
41 39 16 31
42 39 16 31
43 39 16 31
44 39 16 31
45 39 16 31
46 39 16 31
47 39 16 31
48 39 16 31
49 39 16 31
50 39 16 31
51 39 16 31
52 39 16 31
53 39 16 31
54 39 16 31
55 39 16 31
56 39 16 31
57 39 16 31
58 39 16 31
59 39 16 31
60 39 16 31
61 39 16 31
62 39 16 31
63 39 16 31
64 39 16 31
65 39 16 31
