0 22 7 18
1 22 7 18
2 22 7 18
3 22 7 18
4 22 7 18
5 22 7 18
6 22 7 18
7 22 7 18
8 22 7 18
9 22 7 18
10 22 7 18
11 22 7 18
12 22 7 18
13 22 7 18
14 22 7 18
15 22 7 18
16 22 7 18
17 22 7 18
18 22 7 18
19 22 7 18
20 22 7 18
21 22 7 18
22 22 7 18
23 22 7 18
24 22 7 18
25 22 7 18
26 22 7 18
27 22 7 18
28 22 7 18
29 22 7 18
30 22 7 18
31 22 7 18
32 22 7 18
33 22 7 18
34 22 7 18
35 22 7 18
36 22 7 18
37 22 7 18
38 22 7 18
39 22 7 18
40 22 7 18
41 22 7 18
42 22 7 18
43 22 7 18
44 22 7 18
45 22 7 18
46 22 7 18
47 22 7 18
48 22 7 18
49 22 7 18
50 22 7 18
51 22 7 18
52 22 7 18
53 22 7 18
54 22 7 18
55 22 7 18
56 22 7 18
57 22 7 18
58 22 7 18
59 22 7 18
60 22 7 18
61 22 7 18
62 22 7 18
63 22 7 18
64 22 7 18
65 22 7 18
