0 16 21 31
1 16 21 31
2 16 21 31
3 16 21 31
4 16 21 31
5 16 21 31
6 16 21 31
7 16 21 31
8 16 21 31
9 16 21 31
10 16 21 31
11 16 21 31
12 16 21 31
13 16 21 31
14 16 21 31
15 16 21 31
16 16 21 31
17 16 21 31
18 16 21 31
19 16 21 31
20 16 21 31
21 16 21 31
22 16 21 31
23 16 21 31
24 16 21 31
25 16 21 31
26 16 21 31
27 16 21 31
28 16 21 31
29 16 21 31
30 16 21 31
31 16 21 31
32 16 21 31
33 16 21 31
34 16 21 31
35 16 21 31
36 16 21 31
37 16 21 31
38 16 21 31
39 16 21 31
40 16 21 31
41 16 21 31
42 16 21 31
43 16 21 31
44 16 21 31
45 16 21 31
46 16 21 31
47 16 21 31
48 16 21 31
49 16 21 31
50 16 21 31
51 16 21 31
52 16 21 31
53 16 21 31
54 16 21 31
55 16 21 31
56 16 21 31
57 16 21 31
58 16 21 31
59 16 21 31
60 16 21 31
61 16 21 31
62 16 21 31
63 16 21 31
64 16 21 31
65 16 21 31
