0 21 40 65
1 21 40 65
2 21 40 65
3 21 40 65
4 21 40 65
5 21 40 65
6 21 40 65
7 21 40 65
8 21 40 65
9 21 40 65
10 21 40 65
11 21 40 65
12 21 40 65
13 21 40 65
14 21 40 65
15 21 40 65
16 21 40 65
17 21 40 65
18 21 40 65
19 21 40 65
20 21 40 65
21 21 40 65
22 21 40 65
23 21 40 65
24 21 40 65
25 21 40 65
26 21 40 65
27 21 40 65
28 21 40 65
29 21 40 65
30 21 40 65
31 21 40 65
32 21 40 65
33 21 40 65
34 21 40 65
35 21 40 65
36 21 40 65
37 21 40 65
38 21 40 65
39 21 40 65
40 21 40 65
41 21 40 65
42 21 40 65
43 21 40 65
44 21 40 65
45 21 40 65
46 21 40 65
47 21 40 65
48 21 40 65
49 21 40 65
50 21 40 65
51 21 40 65
52 21 40 65
53 21 40 65
54 21 40 65
55 21 40 65
56 21 40 65
57 21 40 65
58 21 40 65
59 21 40 65
60 21 40 65
61 21 40 65
62 21 40 65
63 21 40 65
64 21 40 65
65 21 40 65
