0 32 48 8
1 32 48 8
2 32 48 8
3 32 48 8
4 32 48 8
5 32 48 8
6 32 48 8
7 32 48 8
8 32 48 8
9 32 48 8
10 32 48 8
11 32 48 8
12 32 48 8
13 32 48 8
14 32 48 8
15 32 48 8
16 32 48 8
17 32 48 8
18 32 48 8
19 32 48 8
20 32 48 8
21 32 48 8
22 32 48 8
23 32 48 8
24 32 48 8
25 32 48 8
26 32 48 8
27 32 48 8
28 32 48 8
29 32 48 8
30 32 48 8
31 32 48 8
32 32 48 8
33 32 48 8
34 32 48 8
35 32 48 8
36 32 48 8
37 32 48 8
38 32 48 8
39 32 48 8
40 32 48 8
41 32 48 8
42 32 48 8
43 32 48 8
44 32 48 8
45 32 48 8
46 32 48 8
47 32 48 8
48 32 48 8
49 32 48 8
50 32 48 8
51 32 48 8
52 32 48 8
53 32 48 8
54 32 48 8
55 32 48 8
56 32 48 8
57 32 48 8
58 32 48 8
59 32 48 8
60 32 48 8
61 32 48 8
62 32 48 8
63 32 48 8
64 32 48 8
65 32 48 8
