0 16 34 63
1 16 34 63
2 16 34 63
3 16 34 63
4 16 34 63
5 16 34 63
6 16 34 63
7 16 34 63
8 16 34 63
9 16 34 63
10 16 34 63
11 16 34 63
12 16 34 63
13 16 34 63
14 16 34 63
15 16 34 63
16 16 34 63
17 16 34 63
18 16 34 63
19 16 34 63
20 16 34 63
21 16 34 63
22 16 34 63
23 16 34 63
24 16 34 63
25 16 34 63
26 16 34 63
27 16 34 63
28 16 34 63
29 16 34 63
30 16 34 63
31 16 34 63
32 16 34 63
33 16 34 63
34 16 34 63
35 16 34 63
36 16 34 63
37 16 34 63
38 16 34 63
39 16 34 63
40 16 34 63
41 16 34 63
42 16 34 63
43 16 34 63
44 16 34 63
45 16 34 63
46 16 34 63
47 16 34 63
48 16 34 63
49 16 34 63
50 16 34 63
51 16 34 63
52 16 34 63
53 16 34 63
54 16 34 63
55 16 34 63
56 16 34 63
57 16 34 63
58 16 34 63
59 16 34 63
60 16 34 63
61 16 34 63
62 16 34 63
63 16 34 63
64 16 34 63
65 16 34 63
