0 17 24 74
1 17 24 74
2 17 24 74
3 17 24 74
4 17 24 74
5 17 24 74
6 17 24 74
7 17 24 74
8 17 24 74
9 17 24 74
10 17 24 74
11 17 24 74
12 17 24 74
13 17 24 74
14 17 24 74
15 17 24 74
16 17 24 74
17 17 24 74
18 17 24 74
19 17 24 74
20 17 24 74
21 17 24 74
22 17 24 74
23 17 24 74
24 17 24 74
25 17 24 74
26 17 24 74
27 17 24 74
28 17 24 74
29 17 24 74
30 17 24 74
31 17 24 74
32 17 24 74
33 17 24 74
34 17 24 74
35 17 24 74
36 17 24 74
37 17 24 74
38 17 24 74
39 17 24 74
40 17 24 74
41 17 24 74
42 17 24 74
43 17 24 74
44 17 24 74
45 17 24 74
46 17 24 74
47 17 24 74
48 17 24 74
49 17 24 74
50 17 24 74
51 17 24 74
52 17 24 74
53 17 24 74
54 17 24 74
55 17 24 74
56 17 24 74
57 17 24 74
58 17 24 74
59 17 24 74
60 17 24 74
61 17 24 74
62 17 24 74
63 17 24 74
64 17 24 74
65 17 24 74
