0 24 22 50
1 24 22 50
2 24 22 50
3 24 22 50
4 24 22 50
5 24 22 50
6 24 22 50
7 24 22 50
8 24 22 50
9 24 22 50
10 24 22 50
11 24 22 50
12 24 22 50
13 24 22 50
14 24 22 50
15 24 22 50
16 24 22 50
17 24 22 50
18 24 22 50
19 24 22 50
20 24 22 50
21 24 22 50
22 24 22 50
23 24 22 50
24 24 22 50
25 24 22 50
26 24 22 50
27 24 22 50
28 24 22 50
29 24 22 50
30 24 22 50
31 24 22 50
32 24 22 50
33 24 22 50
34 24 22 50
35 24 22 50
36 24 22 50
37 24 22 50
38 24 22 50
39 24 22 50
40 24 22 50
41 24 22 50
42 24 22 50
43 24 22 50
44 24 22 50
45 24 22 50
46 24 22 50
47 24 22 50
48 24 22 50
49 24 22 50
50 24 22 50
51 24 22 50
52 24 22 50
53 24 22 50
54 24 22 50
55 24 22 50
56 24 22 50
57 24 22 50
58 24 22 50
59 24 22 50
60 24 22 50
61 24 22 50
62 24 22 50
63 24 22 50
64 24 22 50
65 24 22 50
