0 15 28 31
1 15 28 31
2 15 28 31
3 15 28 31
4 15 28 31
5 15 28 31
6 15 28 31
7 15 28 31
8 15 28 31
9 15 28 31
10 15 28 31
11 15 28 31
12 15 28 31
13 15 28 31
14 15 28 31
15 15 28 31
16 15 28 31
17 15 28 31
18 15 28 31
19 15 28 31
20 15 28 31
21 15 28 31
22 15 28 31
23 15 28 31
24 15 28 31
25 15 28 31
26 15 28 31
27 15 28 31
28 15 28 31
29 15 28 31
30 15 28 31
31 15 28 31
32 15 28 31
33 15 28 31
34 15 28 31
35 15 28 31
36 15 28 31
37 15 28 31
38 15 28 31
39 15 28 31
40 15 28 31
41 15 28 31
42 15 28 31
43 15 28 31
44 15 28 31
45 15 28 31
46 15 28 31
47 15 28 31
48 15 28 31
49 15 28 31
50 15 28 31
51 15 28 31
52 15 28 31
53 15 28 31
54 15 28 31
55 15 28 31
56 15 28 31
57 15 28 31
58 15 28 31
59 15 28 31
60 15 28 31
61 15 28 31
62 15 28 31
63 15 28 31
64 15 28 31
65 15 28 31
