0 38 47 10
1 38 47 10
2 38 47 10
3 38 47 10
4 38 47 10
5 38 47 10
6 38 47 10
7 38 47 10
8 38 47 10
9 38 47 10
10 38 47 10
11 38 47 10
12 38 47 10
13 38 47 10
14 38 47 10
15 38 47 10
16 38 47 10
17 38 47 10
18 38 47 10
19 38 47 10
20 38 47 10
21 38 47 10
22 38 47 10
23 38 47 10
24 38 47 10
25 38 47 10
26 38 47 10
27 38 47 10
28 38 47 10
29 38 47 10
30 38 47 10
31 38 47 10
32 38 47 10
33 38 47 10
34 38 47 10
35 38 47 10
36 38 47 10
37 38 47 10
38 38 47 10
39 38 47 10
40 38 47 10
41 38 47 10
42 38 47 10
43 38 47 10
44 38 47 10
45 38 47 10
46 38 47 10
47 38 47 10
48 38 47 10
49 38 47 10
50 38 47 10
51 38 47 10
52 38 47 10
53 38 47 10
54 38 47 10
55 38 47 10
56 38 47 10
57 38 47 10
58 38 47 10
59 38 47 10
60 38 47 10
61 38 47 10
62 38 47 10
63 38 47 10
64 38 47 10
65 38 47 10
