0 37 33 92
1 37 33 92
2 37 33 92
3 37 33 92
4 37 33 92
5 37 33 92
6 37 33 92
7 37 33 92
8 37 33 92
9 37 33 92
10 37 33 92
11 37 33 92
12 37 33 92
13 37 33 92
14 37 33 92
15 37 33 92
16 37 33 92
17 37 33 92
18 37 33 92
19 37 33 92
20 37 33 92
21 37 33 92
22 37 33 92
23 37 33 92
24 37 33 92
25 37 33 92
26 37 33 92
27 37 33 92
28 37 33 92
29 37 33 92
30 37 33 92
31 37 33 92
32 37 33 92
33 37 33 92
34 37 33 92
35 37 33 92
36 37 33 92
37 37 33 92
38 37 33 92
39 37 33 92
40 37 33 92
41 37 33 92
42 37 33 92
43 37 33 92
44 37 33 92
45 37 33 92
46 37 33 92
47 37 33 92
48 37 33 92
49 37 33 92
50 37 33 92
51 37 33 92
52 37 33 92
53 37 33 92
54 37 33 92
55 37 33 92
56 37 33 92
57 37 33 92
58 37 33 92
59 37 33 92
60 37 33 92
61 37 33 92
62 37 33 92
63 37 33 92
64 37 33 92
65 37 33 92
