0 34 18 61
1 34 18 61
2 34 18 61
3 34 18 61
4 34 18 61
5 34 18 61
6 34 18 61
7 34 18 61
8 34 18 61
9 34 18 61
10 34 18 61
11 34 18 61
12 34 18 61
13 34 18 61
14 34 18 61
15 34 18 61
16 34 18 61
17 34 18 61
18 34 18 61
19 34 18 61
20 34 18 61
21 34 18 61
22 34 18 61
23 34 18 61
24 34 18 61
25 34 18 61
26 34 18 61
27 34 18 61
28 34 18 61
29 34 18 61
30 34 18 61
31 34 18 61
32 34 18 61
33 34 18 61
34 34 18 61
35 34 18 61
36 34 18 61
37 34 18 61
38 34 18 61
39 34 18 61
40 34 18 61
41 34 18 61
42 34 18 61
43 34 18 61
44 34 18 61
45 34 18 61
46 34 18 61
47 34 18 61
48 34 18 61
49 34 18 61
50 34 18 61
51 34 18 61
52 34 18 61
53 34 18 61
54 34 18 61
55 34 18 61
56 34 18 61
57 34 18 61
58 34 18 61
59 34 18 61
60 34 18 61
61 34 18 61
62 34 18 61
63 34 18 61
64 34 18 61
65 34 18 61
