0 32 26 96
1 32 26 96
2 32 26 96
3 32 26 96
4 32 26 96
5 32 26 96
6 32 26 96
7 32 26 96
8 32 26 96
9 32 26 96
10 32 26 96
11 32 26 96
12 32 26 96
13 32 26 96
14 32 26 96
15 32 26 96
16 32 26 96
17 32 26 96
18 32 26 96
19 32 26 96
20 32 26 96
21 32 26 96
22 32 26 96
23 32 26 96
24 32 26 96
25 32 26 96
26 32 26 96
27 32 26 96
28 32 26 96
29 32 26 96
30 32 26 96
31 32 26 96
32 32 26 96
33 32 26 96
34 32 26 96
35 32 26 96
36 32 26 96
37 32 26 96
38 32 26 96
39 32 26 96
40 32 26 96
41 32 26 96
42 32 26 96
43 32 26 96
44 32 26 96
45 32 26 96
46 32 26 96
47 32 26 96
48 32 26 96
49 32 26 96
50 32 26 96
51 32 26 96
52 32 26 96
53 32 26 96
54 32 26 96
55 32 26 96
56 32 26 96
57 32 26 96
58 32 26 96
59 32 26 96
60 32 26 96
61 32 26 96
62 32 26 96
63 32 26 96
64 32 26 96
65 32 26 96
