0 37 33 67
1 37 33 67
2 37 33 67
3 37 33 67
4 37 33 67
5 37 33 67
6 37 33 67
7 37 33 67
8 37 33 67
9 37 33 67
10 37 33 67
11 37 33 67
12 37 33 67
13 37 33 67
14 37 33 67
15 37 33 67
16 37 33 67
17 37 33 67
18 37 33 67
19 37 33 67
20 37 33 67
21 37 33 67
22 37 33 67
23 37 33 67
24 37 33 67
25 37 33 67
26 37 33 67
27 37 33 67
28 37 33 67
29 37 33 67
30 37 33 67
31 37 33 67
32 37 33 67
33 37 33 67
34 37 33 67
35 37 33 67
36 37 33 67
37 37 33 67
38 37 33 67
39 37 33 67
40 37 33 67
41 37 33 67
42 37 33 67
43 37 33 67
44 37 33 67
45 37 33 67
46 37 33 67
47 37 33 67
48 37 33 67
49 37 33 67
50 37 33 67
51 37 33 67
52 37 33 67
53 37 33 67
54 37 33 67
55 37 33 67
56 37 33 67
57 37 33 67
58 37 33 67
59 37 33 67
60 37 33 67
61 37 33 67
62 37 33 67
63 37 33 67
64 37 33 67
65 37 33 67
