0 8 22 3
1 8 22 3
2 8 22 3
3 8 22 3
4 8 22 3
5 8 22 3
6 8 22 3
7 8 22 3
8 8 22 3
9 8 22 3
10 8 22 3
11 8 22 3
12 8 22 3
13 8 22 3
14 8 22 3
15 8 22 3
16 8 22 3
17 8 22 3
18 8 22 3
19 8 22 3
20 8 22 3
21 8 22 3
22 8 22 3
23 8 22 3
24 8 22 3
25 8 22 3
26 8 22 3
27 8 22 3
28 8 22 3
29 8 22 3
30 8 22 3
31 8 22 3
32 8 22 3
33 8 22 3
34 8 22 3
35 8 22 3
36 8 22 3
37 8 22 3
38 8 22 3
39 8 22 3
40 8 22 3
41 8 22 3
42 8 22 3
43 8 22 3
44 8 22 3
45 8 22 3
46 8 22 3
47 8 22 3
48 8 22 3
49 8 22 3
50 8 22 3
51 8 22 3
52 8 22 3
53 8 22 3
54 8 22 3
55 8 22 3
56 8 22 3
57 8 22 3
58 8 22 3
59 8 22 3
60 8 22 3
61 8 22 3
62 8 22 3
63 8 22 3
64 8 22 3
65 8 22 3
