0 24 41 88
1 24 41 88
2 24 41 88
3 24 41 88
4 24 41 88
5 24 41 88
6 24 41 88
7 24 41 88
8 24 41 88
9 24 41 88
10 24 41 88
11 24 41 88
12 24 41 88
13 24 41 88
14 24 41 88
15 24 41 88
16 24 41 88
17 24 41 88
18 24 41 88
19 24 41 88
20 24 41 88
21 24 41 88
22 24 41 88
23 24 41 88
24 24 41 88
25 24 41 88
26 24 41 88
27 24 41 88
28 24 41 88
29 24 41 88
30 24 41 88
31 24 41 88
32 24 41 88
33 24 41 88
34 24 41 88
35 24 41 88
36 24 41 88
37 24 41 88
38 24 41 88
39 24 41 88
40 24 41 88
41 24 41 88
42 24 41 88
43 24 41 88
44 24 41 88
45 24 41 88
46 24 41 88
47 24 41 88
48 24 41 88
49 24 41 88
50 24 41 88
51 24 41 88
52 24 41 88
53 24 41 88
54 24 41 88
55 24 41 88
56 24 41 88
57 24 41 88
58 24 41 88
59 24 41 88
60 24 41 88
61 24 41 88
62 24 41 88
63 24 41 88
64 24 41 88
65 24 41 88
