0.0 65.72 46.91 0.00
1.0 69.56 42.78 1.63
2.0 71.40 38.89 3.07
3.0 75.50 41.34 2.80
4.0 71.68 41.02 0.81
5.0 75.10 37.52 0.00
6.0 75.01 33.97 0.27
7.0 75.69 38.76 1.65
8.0 71.52 36.39 1.06
9.0 70.42 39.97 0.70
10.0 69.78 42.57 0.15
11.0 68.39 41.40 1.96
12.0 70.42 36.48 2.17
13.0 72.81 37.18 1.35
14.0 75.50 39.45 0.00
15.0 76.91 34.69 0.00
16.0 72.58 30.14 0.00
17.0 73.47 28.97 0.00
18.0 71.06 30.45 0.00
19.0 67.43 33.55 1.25
20.0 68.34 28.72 0.00
21.0 66.92 29.06 0.00
22.0 67.40 27.32 1.12
23.0 65.02 30.71 2.92
24.0 61.83 33.10 4.36
25.0 58.04 31.17 5.43
26.0 60.24 34.95 4.48
27.0 55.47 39.44 5.58
28.0 58.62 40.07 6.41
29.0 60.32 36.28 6.91
30.0 60.83 32.33 7.52
31.0 63.23 30.92 7.68
32.0 66.79 26.67 6.19
33.0 66.08 28.82 5.04
34.0 67.66 29.24 6.48
35.0 63.62 24.39 5.41
36.0 60.16 24.61 7.16
37.0 63.96 25.63 8.87
38.0 62.23 23.00 9.85
39.0 60.33 23.84 11.61
40.0 55.38 26.22 9.71
41.0 51.21 25.51 10.68
42.0 55.56 27.19 9.79
43.0 51.98 32.13 8.68
44.0 50.82 29.49 9.76
45.0 55.49 27.29 10.72
46.0 58.47 27.58 8.97
47.0 54.89 31.22 9.23
48.0 53.77 35.18 9.29
49.0 52.24 34.20 8.83
50.0 47.39 34.55 8.62
51.0 42.71 29.75 10.26
52.0 40.31 28.49 10.71
53.0 40.70 30.33 10.23
54.0 39.19 28.74 11.76
55.0 38.95 31.43 12.30
56.0 43.35 28.28 11.32
57.0 42.76 31.34 11.05
58.0 45.79 32.48 13.02
59.0 45.75 31.52 14.28
60.0 44.73 28.67 13.37
