0 16 35 65
1 16 35 65
2 16 35 65
3 16 35 65
4 16 35 65
5 16 35 65
6 16 35 65
7 16 35 65
8 16 35 65
9 16 35 65
10 16 35 65
11 16 35 65
12 16 35 65
13 16 35 65
14 16 35 65
15 16 35 65
16 16 35 65
17 16 35 65
18 16 35 65
19 16 35 65
20 16 35 65
21 16 35 65
22 16 35 65
23 16 35 65
24 16 35 65
25 16 35 65
26 16 35 65
27 16 35 65
28 16 35 65
29 16 35 65
30 16 35 65
31 16 35 65
32 16 35 65
33 16 35 65
34 16 35 65
35 16 35 65
36 16 35 65
37 16 35 65
38 16 35 65
39 16 35 65
40 16 35 65
41 16 35 65
42 16 35 65
43 16 35 65
44 16 35 65
45 16 35 65
46 16 35 65
47 16 35 65
48 16 35 65
49 16 35 65
50 16 35 65
51 16 35 65
52 16 35 65
53 16 35 65
54 16 35 65
55 16 35 65
56 16 35 65
57 16 35 65
58 16 35 65
59 16 35 65
60 16 35 65
61 16 35 65
62 16 35 65
63 16 35 65
64 16 35 65
65 16 35 65
