0 21 40 86
1 21 40 86
2 21 40 86
3 21 40 86
4 21 40 86
5 21 40 86
6 21 40 86
7 21 40 86
8 21 40 86
9 21 40 86
10 21 40 86
11 21 40 86
12 21 40 86
13 21 40 86
14 21 40 86
15 21 40 86
16 21 40 86
17 21 40 86
18 21 40 86
19 21 40 86
20 21 40 86
21 21 40 86
22 21 40 86
23 21 40 86
24 21 40 86
25 21 40 86
26 21 40 86
27 21 40 86
28 21 40 86
29 21 40 86
30 21 40 86
31 21 40 86
32 21 40 86
33 21 40 86
34 21 40 86
35 21 40 86
36 21 40 86
37 21 40 86
38 21 40 86
39 21 40 86
40 21 40 86
41 21 40 86
42 21 40 86
43 21 40 86
44 21 40 86
45 21 40 86
46 21 40 86
47 21 40 86
48 21 40 86
49 21 40 86
50 21 40 86
51 21 40 86
52 21 40 86
53 21 40 86
54 21 40 86
55 21 40 86
56 21 40 86
57 21 40 86
58 21 40 86
59 21 40 86
60 21 40 86
61 21 40 86
62 21 40 86
63 21 40 86
64 21 40 86
65 21 40 86
