0 17 17 3
1 17 17 3
2 17 17 3
3 17 17 3
4 17 17 3
5 17 17 3
6 17 17 3
7 17 17 3
8 17 17 3
9 17 17 3
10 17 17 3
11 17 17 3
12 17 17 3
13 17 17 3
14 17 17 3
15 17 17 3
16 17 17 3
17 17 17 3
18 17 17 3
19 17 17 3
20 17 17 3
21 17 17 3
22 17 17 3
23 17 17 3
24 17 17 3
25 17 17 3
26 17 17 3
27 17 17 3
28 17 17 3
29 17 17 3
30 17 17 3
31 17 17 3
32 17 17 3
33 17 17 3
34 17 17 3
35 17 17 3
36 17 17 3
37 17 17 3
38 17 17 3
39 17 17 3
40 17 17 3
41 17 17 3
42 17 17 3
43 17 17 3
44 17 17 3
45 17 17 3
46 17 17 3
47 17 17 3
48 17 17 3
49 17 17 3
50 17 17 3
51 17 17 3
52 17 17 3
53 17 17 3
54 17 17 3
55 17 17 3
56 17 17 3
57 17 17 3
58 17 17 3
59 17 17 3
60 17 17 3
61 17 17 3
62 17 17 3
63 17 17 3
64 17 17 3
65 17 17 3
