0 19 36 31
1 19 36 31
2 19 36 31
3 19 36 31
4 19 36 31
5 19 36 31
6 19 36 31
7 19 36 31
8 19 36 31
9 19 36 31
10 19 36 31
11 19 36 31
12 19 36 31
13 19 36 31
14 19 36 31
15 19 36 31
16 19 36 31
17 19 36 31
18 19 36 31
19 19 36 31
20 19 36 31
21 19 36 31
22 19 36 31
23 19 36 31
24 19 36 31
25 19 36 31
26 19 36 31
27 19 36 31
28 19 36 31
29 19 36 31
30 19 36 31
31 19 36 31
32 19 36 31
33 19 36 31
34 19 36 31
35 19 36 31
36 19 36 31
37 19 36 31
38 19 36 31
39 19 36 31
40 19 36 31
41 19 36 31
42 19 36 31
43 19 36 31
44 19 36 31
45 19 36 31
46 19 36 31
47 19 36 31
48 19 36 31
49 19 36 31
50 19 36 31
51 19 36 31
52 19 36 31
53 19 36 31
54 19 36 31
55 19 36 31
56 19 36 31
57 19 36 31
58 19 36 31
59 19 36 31
60 19 36 31
61 19 36 31
62 19 36 31
63 19 36 31
64 19 36 31
65 19 36 31
