0 10 37 3
1 10 37 3
2 10 37 3
3 10 37 3
4 10 37 3
5 10 37 3
6 10 37 3
7 10 37 3
8 10 37 3
9 10 37 3
10 10 37 3
11 10 37 3
12 10 37 3
13 10 37 3
14 10 37 3
15 10 37 3
16 10 37 3
17 10 37 3
18 10 37 3
19 10 37 3
20 10 37 3
21 10 37 3
22 10 37 3
23 10 37 3
24 10 37 3
25 10 37 3
26 10 37 3
27 10 37 3
28 10 37 3
29 10 37 3
30 10 37 3
31 10 37 3
32 10 37 3
33 10 37 3
34 10 37 3
35 10 37 3
36 10 37 3
37 10 37 3
38 10 37 3
39 10 37 3
40 10 37 3
41 10 37 3
42 10 37 3
43 10 37 3
44 10 37 3
45 10 37 3
46 10 37 3
47 10 37 3
48 10 37 3
49 10 37 3
50 10 37 3
51 10 37 3
52 10 37 3
53 10 37 3
54 10 37 3
55 10 37 3
56 10 37 3
57 10 37 3
58 10 37 3
59 10 37 3
60 10 37 3
61 10 37 3
62 10 37 3
63 10 37 3
64 10 37 3
65 10 37 3
