0 45 18 3
1 45 18 3
2 45 18 3
3 45 18 3
4 45 18 3
5 45 18 3
6 45 18 3
7 45 18 3
8 45 18 3
9 45 18 3
10 45 18 3
11 45 18 3
12 45 18 3
13 45 18 3
14 45 18 3
15 45 18 3
16 45 18 3
17 45 18 3
18 45 18 3
19 45 18 3
20 45 18 3
21 45 18 3
22 45 18 3
23 45 18 3
24 45 18 3
25 45 18 3
26 45 18 3
27 45 18 3
28 45 18 3
29 45 18 3
30 45 18 3
31 45 18 3
32 45 18 3
33 45 18 3
34 45 18 3
35 45 18 3
36 45 18 3
37 45 18 3
38 45 18 3
39 45 18 3
40 45 18 3
41 45 18 3
42 45 18 3
43 45 18 3
44 45 18 3
45 45 18 3
46 45 18 3
47 45 18 3
48 45 18 3
49 45 18 3
50 45 18 3
51 45 18 3
52 45 18 3
53 45 18 3
54 45 18 3
55 45 18 3
56 45 18 3
57 45 18 3
58 45 18 3
59 45 18 3
60 45 18 3
61 45 18 3
62 45 18 3
63 45 18 3
64 45 18 3
65 45 18 3
