0 42 28 76
1 42 28 76
2 42 28 76
3 42 28 76
4 42 28 76
5 42 28 76
6 42 28 76
7 42 28 76
8 42 28 76
9 42 28 76
10 42 28 76
11 42 28 76
12 42 28 76
13 42 28 76
14 42 28 76
15 42 28 76
16 42 28 76
17 42 28 76
18 42 28 76
19 42 28 76
20 42 28 76
21 42 28 76
22 42 28 76
23 42 28 76
24 42 28 76
25 42 28 76
26 42 28 76
27 42 28 76
28 42 28 76
29 42 28 76
30 42 28 76
31 42 28 76
32 42 28 76
33 42 28 76
34 42 28 76
35 42 28 76
36 42 28 76
37 42 28 76
38 42 28 76
39 42 28 76
40 42 28 76
41 42 28 76
42 42 28 76
43 42 28 76
44 42 28 76
45 42 28 76
46 42 28 76
47 42 28 76
48 42 28 76
49 42 28 76
50 42 28 76
51 42 28 76
52 42 28 76
53 42 28 76
54 42 28 76
55 42 28 76
56 42 28 76
57 42 28 76
58 42 28 76
59 42 28 76
60 42 28 76
61 42 28 76
62 42 28 76
63 42 28 76
64 42 28 76
65 42 28 76
