0 35 15 86
1 35 15 86
2 35 15 86
3 35 15 86
4 35 15 86
5 35 15 86
6 35 15 86
7 35 15 86
8 35 15 86
9 35 15 86
10 35 15 86
11 35 15 86
12 35 15 86
13 35 15 86
14 35 15 86
15 35 15 86
16 35 15 86
17 35 15 86
18 35 15 86
19 35 15 86
20 35 15 86
21 35 15 86
22 35 15 86
23 35 15 86
24 35 15 86
25 35 15 86
26 35 15 86
27 35 15 86
28 35 15 86
29 35 15 86
30 35 15 86
31 35 15 86
32 35 15 86
33 35 15 86
34 35 15 86
35 35 15 86
36 35 15 86
37 35 15 86
38 35 15 86
39 35 15 86
40 35 15 86
41 35 15 86
42 35 15 86
43 35 15 86
44 35 15 86
45 35 15 86
46 35 15 86
47 35 15 86
48 35 15 86
49 35 15 86
50 35 15 86
51 35 15 86
52 35 15 86
53 35 15 86
54 35 15 86
55 35 15 86
56 35 15 86
57 35 15 86
58 35 15 86
59 35 15 86
60 35 15 86
61 35 15 86
62 35 15 86
63 35 15 86
64 35 15 86
65 35 15 86
