0 22 36 72
1 22 36 72
2 22 36 72
3 22 36 72
4 22 36 72
5 22 36 72
6 22 36 72
7 22 36 72
8 22 36 72
9 22 36 72
10 22 36 72
11 22 36 72
12 22 36 72
13 22 36 72
14 22 36 72
15 22 36 72
16 22 36 72
17 22 36 72
18 22 36 72
19 22 36 72
20 22 36 72
21 22 36 72
22 22 36 72
23 22 36 72
24 22 36 72
25 22 36 72
26 22 36 72
27 22 36 72
28 22 36 72
29 22 36 72
30 22 36 72
31 22 36 72
32 22 36 72
33 22 36 72
34 22 36 72
35 22 36 72
36 22 36 72
37 22 36 72
38 22 36 72
39 22 36 72
40 22 36 72
41 22 36 72
42 22 36 72
43 22 36 72
44 22 36 72
45 22 36 72
46 22 36 72
47 22 36 72
48 22 36 72
49 22 36 72
50 22 36 72
51 22 36 72
52 22 36 72
53 22 36 72
54 22 36 72
55 22 36 72
56 22 36 72
57 22 36 72
58 22 36 72
59 22 36 72
60 22 36 72
61 22 36 72
62 22 36 72
63 22 36 72
64 22 36 72
65 22 36 72
