0 45 17 6
1 45 17 6
2 45 17 6
3 45 17 6
4 45 17 6
5 45 17 6
6 45 17 6
7 45 17 6
8 45 17 6
9 45 17 6
10 45 17 6
11 45 17 6
12 45 17 6
13 45 17 6
14 45 17 6
15 45 17 6
16 45 17 6
17 45 17 6
18 45 17 6
19 45 17 6
20 45 17 6
21 45 17 6
22 45 17 6
23 45 17 6
24 45 17 6
25 45 17 6
26 45 17 6
27 45 17 6
28 45 17 6
29 45 17 6
30 45 17 6
31 45 17 6
32 45 17 6
33 45 17 6
34 45 17 6
35 45 17 6
36 45 17 6
37 45 17 6
38 45 17 6
39 45 17 6
40 45 17 6
41 45 17 6
42 45 17 6
43 45 17 6
44 45 17 6
45 45 17 6
46 45 17 6
47 45 17 6
48 45 17 6
49 45 17 6
50 45 17 6
51 45 17 6
52 45 17 6
53 45 17 6
54 45 17 6
55 45 17 6
56 45 17 6
57 45 17 6
58 45 17 6
59 45 17 6
60 45 17 6
61 45 17 6
62 45 17 6
63 45 17 6
64 45 17 6
65 45 17 6
