0 40 35 86
1 40 35 86
2 40 35 86
3 40 35 86
4 40 35 86
5 40 35 86
6 40 35 86
7 40 35 86
8 40 35 86
9 40 35 86
10 40 35 86
11 40 35 86
12 40 35 86
13 40 35 86
14 40 35 86
15 40 35 86
16 40 35 86
17 40 35 86
18 40 35 86
19 40 35 86
20 40 35 86
21 40 35 86
22 40 35 86
23 40 35 86
24 40 35 86
25 40 35 86
26 40 35 86
27 40 35 86
28 40 35 86
29 40 35 86
30 40 35 86
31 40 35 86
32 40 35 86
33 40 35 86
34 40 35 86
35 40 35 86
36 40 35 86
37 40 35 86
38 40 35 86
39 40 35 86
40 40 35 86
41 40 35 86
42 40 35 86
43 40 35 86
44 40 35 86
45 40 35 86
46 40 35 86
47 40 35 86
48 40 35 86
49 40 35 86
50 40 35 86
51 40 35 86
52 40 35 86
53 40 35 86
54 40 35 86
55 40 35 86
56 40 35 86
57 40 35 86
58 40 35 86
59 40 35 86
60 40 35 86
61 40 35 86
62 40 35 86
63 40 35 86
64 40 35 86
65 40 35 86
