0 37 13 3
1 37 13 3
2 37 13 3
3 37 13 3
4 37 13 3
5 37 13 3
6 37 13 3
7 37 13 3
8 37 13 3
9 37 13 3
10 37 13 3
11 37 13 3
12 37 13 3
13 37 13 3
14 37 13 3
15 37 13 3
16 37 13 3
17 37 13 3
18 37 13 3
19 37 13 3
20 37 13 3
21 37 13 3
22 37 13 3
23 37 13 3
24 37 13 3
25 37 13 3
26 37 13 3
27 37 13 3
28 37 13 3
29 37 13 3
30 37 13 3
31 37 13 3
32 37 13 3
33 37 13 3
34 37 13 3
35 37 13 3
36 37 13 3
37 37 13 3
38 37 13 3
39 37 13 3
40 37 13 3
41 37 13 3
42 37 13 3
43 37 13 3
44 37 13 3
45 37 13 3
46 37 13 3
47 37 13 3
48 37 13 3
49 37 13 3
50 37 13 3
51 37 13 3
52 37 13 3
53 37 13 3
54 37 13 3
55 37 13 3
56 37 13 3
57 37 13 3
58 37 13 3
59 37 13 3
60 37 13 3
61 37 13 3
62 37 13 3
63 37 13 3
64 37 13 3
65 37 13 3
