0 28 14 91
1 28 14 91
2 28 14 91
3 28 14 91
4 28 14 91
5 28 14 91
6 28 14 91
7 28 14 91
8 28 14 91
9 28 14 91
10 28 14 91
11 28 14 91
12 28 14 91
13 28 14 91
14 28 14 91
15 28 14 91
16 28 14 91
17 28 14 91
18 28 14 91
19 28 14 91
20 28 14 91
21 28 14 91
22 28 14 91
23 28 14 91
24 28 14 91
25 28 14 91
26 28 14 91
27 28 14 91
28 28 14 91
29 28 14 91
30 28 14 91
31 28 14 91
32 28 14 91
33 28 14 91
34 28 14 91
35 28 14 91
36 28 14 91
37 28 14 91
38 28 14 91
39 28 14 91
40 28 14 91
41 28 14 91
42 28 14 91
43 28 14 91
44 28 14 91
45 28 14 91
46 28 14 91
47 28 14 91
48 28 14 91
49 28 14 91
50 28 14 91
51 28 14 91
52 28 14 91
53 28 14 91
54 28 14 91
55 28 14 91
56 28 14 91
57 28 14 91
58 28 14 91
59 28 14 91
60 28 14 91
61 28 14 91
62 28 14 91
63 28 14 91
64 28 14 91
65 28 14 91
