0 28 48 7
1 28 48 7
2 28 48 7
3 28 48 7
4 28 48 7
5 28 48 7
6 28 48 7
7 28 48 7
8 28 48 7
9 28 48 7
10 28 48 7
11 28 48 7
12 28 48 7
13 28 48 7
14 28 48 7
15 28 48 7
16 28 48 7
17 28 48 7
18 28 48 7
19 28 48 7
20 28 48 7
21 28 48 7
22 28 48 7
23 28 48 7
24 28 48 7
25 28 48 7
26 28 48 7
27 28 48 7
28 28 48 7
29 28 48 7
30 28 48 7
31 28 48 7
32 28 48 7
33 28 48 7
34 28 48 7
35 28 48 7
36 28 48 7
37 28 48 7
38 28 48 7
39 28 48 7
40 28 48 7
41 28 48 7
42 28 48 7
43 28 48 7
44 28 48 7
45 28 48 7
46 28 48 7
47 28 48 7
48 28 48 7
49 28 48 7
50 28 48 7
51 28 48 7
52 28 48 7
53 28 48 7
54 28 48 7
55 28 48 7
56 28 48 7
57 28 48 7
58 28 48 7
59 28 48 7
60 28 48 7
61 28 48 7
62 28 48 7
63 28 48 7
64 28 48 7
65 28 48 7
