0 30 23 67
1 30 23 67
2 30 23 67
3 30 23 67
4 30 23 67
5 30 23 67
6 30 23 67
7 30 23 67
8 30 23 67
9 30 23 67
10 30 23 67
11 30 23 67
12 30 23 67
13 30 23 67
14 30 23 67
15 30 23 67
16 30 23 67
17 30 23 67
18 30 23 67
19 30 23 67
20 30 23 67
21 30 23 67
22 30 23 67
23 30 23 67
24 30 23 67
25 30 23 67
26 30 23 67
27 30 23 67
28 30 23 67
29 30 23 67
30 30 23 67
31 30 23 67
32 30 23 67
33 30 23 67
34 30 23 67
35 30 23 67
36 30 23 67
37 30 23 67
38 30 23 67
39 30 23 67
40 30 23 67
41 30 23 67
42 30 23 67
43 30 23 67
44 30 23 67
45 30 23 67
46 30 23 67
47 30 23 67
48 30 23 67
49 30 23 67
50 30 23 67
51 30 23 67
52 30 23 67
53 30 23 67
54 30 23 67
55 30 23 67
56 30 23 67
57 30 23 67
58 30 23 67
59 30 23 67
60 30 23 67
61 30 23 67
62 30 23 67
63 30 23 67
64 30 23 67
65 30 23 67
