0 3 28 3
1 3 28 3
2 3 28 3
3 3 28 3
4 3 28 3
5 3 28 3
6 3 28 3
7 3 28 3
8 3 28 3
9 3 28 3
10 3 28 3
11 3 28 3
12 3 28 3
13 3 28 3
14 3 28 3
15 3 28 3
16 3 28 3
17 3 28 3
18 3 28 3
19 3 28 3
20 3 28 3
21 3 28 3
22 3 28 3
23 3 28 3
24 3 28 3
25 3 28 3
26 3 28 3
27 3 28 3
28 3 28 3
29 3 28 3
30 3 28 3
31 3 28 3
32 3 28 3
33 3 28 3
34 3 28 3
35 3 28 3
36 3 28 3
37 3 28 3
38 3 28 3
39 3 28 3
40 3 28 3
41 3 28 3
42 3 28 3
43 3 28 3
44 3 28 3
45 3 28 3
46 3 28 3
47 3 28 3
48 3 28 3
49 3 28 3
50 3 28 3
51 3 28 3
52 3 28 3
53 3 28 3
54 3 28 3
55 3 28 3
56 3 28 3
57 3 28 3
58 3 28 3
59 3 28 3
60 3 28 3
61 3 28 3
62 3 28 3
63 3 28 3
64 3 28 3
65 3 28 3
