0 31 41 86
1 31 41 86
2 31 41 86
3 31 41 86
4 31 41 86
5 31 41 86
6 31 41 86
7 31 41 86
8 31 41 86
9 31 41 86
10 31 41 86
11 31 41 86
12 31 41 86
13 31 41 86
14 31 41 86
15 31 41 86
16 31 41 86
17 31 41 86
18 31 41 86
19 31 41 86
20 31 41 86
21 31 41 86
22 31 41 86
23 31 41 86
24 31 41 86
25 31 41 86
26 31 41 86
27 31 41 86
28 31 41 86
29 31 41 86
30 31 41 86
31 31 41 86
32 31 41 86
33 31 41 86
34 31 41 86
35 31 41 86
36 31 41 86
37 31 41 86
38 31 41 86
39 31 41 86
40 31 41 86
41 31 41 86
42 31 41 86
43 31 41 86
44 31 41 86
45 31 41 86
46 31 41 86
47 31 41 86
48 31 41 86
49 31 41 86
50 31 41 86
51 31 41 86
52 31 41 86
53 31 41 86
54 31 41 86
55 31 41 86
56 31 41 86
57 31 41 86
58 31 41 86
59 31 41 86
60 31 41 86
61 31 41 86
62 31 41 86
63 31 41 86
64 31 41 86
65 31 41 86
