0 28 38 60
1 28 38 60
2 28 38 60
3 28 38 60
4 28 38 60
5 28 38 60
6 28 38 60
7 28 38 60
8 28 38 60
9 28 38 60
10 28 38 60
11 28 38 60
12 28 38 60
13 28 38 60
14 28 38 60
15 28 38 60
16 28 38 60
17 28 38 60
18 28 38 60
19 28 38 60
20 28 38 60
21 28 38 60
22 28 38 60
23 28 38 60
24 28 38 60
25 28 38 60
26 28 38 60
27 28 38 60
28 28 38 60
29 28 38 60
30 28 38 60
31 28 38 60
32 28 38 60
33 28 38 60
34 28 38 60
35 28 38 60
36 28 38 60
37 28 38 60
38 28 38 60
39 28 38 60
40 28 38 60
41 28 38 60
42 28 38 60
43 28 38 60
44 28 38 60
45 28 38 60
46 28 38 60
47 28 38 60
48 28 38 60
49 28 38 60
50 28 38 60
51 28 38 60
52 28 38 60
53 28 38 60
54 28 38 60
55 28 38 60
56 28 38 60
57 28 38 60
58 28 38 60
59 28 38 60
60 28 38 60
61 28 38 60
62 28 38 60
63 28 38 60
64 28 38 60
65 28 38 60
