0 38 8 4
1 38 8 4
2 38 8 4
3 38 8 4
4 38 8 4
5 38 8 4
6 38 8 4
7 38 8 4
8 38 8 4
9 38 8 4
10 38 8 4
11 38 8 4
12 38 8 4
13 38 8 4
14 38 8 4
15 38 8 4
16 38 8 4
17 38 8 4
18 38 8 4
19 38 8 4
20 38 8 4
21 38 8 4
22 38 8 4
23 38 8 4
24 38 8 4
25 38 8 4
26 38 8 4
27 38 8 4
28 38 8 4
29 38 8 4
30 38 8 4
31 38 8 4
32 38 8 4
33 38 8 4
34 38 8 4
35 38 8 4
36 38 8 4
37 38 8 4
38 38 8 4
39 38 8 4
40 38 8 4
41 38 8 4
42 38 8 4
43 38 8 4
44 38 8 4
45 38 8 4
46 38 8 4
47 38 8 4
48 38 8 4
49 38 8 4
50 38 8 4
51 38 8 4
52 38 8 4
53 38 8 4
54 38 8 4
55 38 8 4
56 38 8 4
57 38 8 4
58 38 8 4
59 38 8 4
60 38 8 4
61 38 8 4
62 38 8 4
63 38 8 4
64 38 8 4
65 38 8 4
