0 28 31 67
1 28 31 67
2 28 31 67
3 28 31 67
4 28 31 67
5 28 31 67
6 28 31 67
7 28 31 67
8 28 31 67
9 28 31 67
10 28 31 67
11 28 31 67
12 28 31 67
13 28 31 67
14 28 31 67
15 28 31 67
16 28 31 67
17 28 31 67
18 28 31 67
19 28 31 67
20 28 31 67
21 28 31 67
22 28 31 67
23 28 31 67
24 28 31 67
25 28 31 67
26 28 31 67
27 28 31 67
28 28 31 67
29 28 31 67
30 28 31 67
31 28 31 67
32 28 31 67
33 28 31 67
34 28 31 67
35 28 31 67
36 28 31 67
37 28 31 67
38 28 31 67
39 28 31 67
40 28 31 67
41 28 31 67
42 28 31 67
43 28 31 67
44 28 31 67
45 28 31 67
46 28 31 67
47 28 31 67
48 28 31 67
49 28 31 67
50 28 31 67
51 28 31 67
52 28 31 67
53 28 31 67
54 28 31 67
55 28 31 67
56 28 31 67
57 28 31 67
58 28 31 67
59 28 31 67
60 28 31 67
61 28 31 67
62 28 31 67
63 28 31 67
64 28 31 67
65 28 31 67
