0 26 36 39
1 26 36 39
2 26 36 39
3 26 36 39
4 26 36 39
5 26 36 39
6 26 36 39
7 26 36 39
8 26 36 39
9 26 36 39
10 26 36 39
11 26 36 39
12 26 36 39
13 26 36 39
14 26 36 39
15 26 36 39
16 26 36 39
17 26 36 39
18 26 36 39
19 26 36 39
20 26 36 39
21 26 36 39
22 26 36 39
23 26 36 39
24 26 36 39
25 26 36 39
26 26 36 39
27 26 36 39
28 26 36 39
29 26 36 39
30 26 36 39
31 26 36 39
32 26 36 39
33 26 36 39
34 26 36 39
35 26 36 39
36 26 36 39
37 26 36 39
38 26 36 39
39 26 36 39
40 26 36 39
41 26 36 39
42 26 36 39
43 26 36 39
44 26 36 39
45 26 36 39
46 26 36 39
47 26 36 39
48 26 36 39
49 26 36 39
50 26 36 39
51 26 36 39
52 26 36 39
53 26 36 39
54 26 36 39
55 26 36 39
56 26 36 39
57 26 36 39
58 26 36 39
59 26 36 39
60 26 36 39
61 26 36 39
62 26 36 39
63 26 36 39
64 26 36 39
65 26 36 39
