0 23 26 96
1 23 26 96
2 23 26 96
3 23 26 96
4 23 26 96
5 23 26 96
6 23 26 96
7 23 26 96
8 23 26 96
9 23 26 96
10 23 26 96
11 23 26 96
12 23 26 96
13 23 26 96
14 23 26 96
15 23 26 96
16 23 26 96
17 23 26 96
18 23 26 96
19 23 26 96
20 23 26 96
21 23 26 96
22 23 26 96
23 23 26 96
24 23 26 96
25 23 26 96
26 23 26 96
27 23 26 96
28 23 26 96
29 23 26 96
30 23 26 96
31 23 26 96
32 23 26 96
33 23 26 96
34 23 26 96
35 23 26 96
36 23 26 96
37 23 26 96
38 23 26 96
39 23 26 96
40 23 26 96
41 23 26 96
42 23 26 96
43 23 26 96
44 23 26 96
45 23 26 96
46 23 26 96
47 23 26 96
48 23 26 96
49 23 26 96
50 23 26 96
51 23 26 96
52 23 26 96
53 23 26 96
54 23 26 96
55 23 26 96
56 23 26 96
57 23 26 96
58 23 26 96
59 23 26 96
60 23 26 96
61 23 26 96
62 23 26 96
63 23 26 96
64 23 26 96
65 23 26 96
