0 35 39 65
1 35 39 65
2 35 39 65
3 35 39 65
4 35 39 65
5 35 39 65
6 35 39 65
7 35 39 65
8 35 39 65
9 35 39 65
10 35 39 65
11 35 39 65
12 35 39 65
13 35 39 65
14 35 39 65
15 35 39 65
16 35 39 65
17 35 39 65
18 35 39 65
19 35 39 65
20 35 39 65
21 35 39 65
22 35 39 65
23 35 39 65
24 35 39 65
25 35 39 65
26 35 39 65
27 35 39 65
28 35 39 65
29 35 39 65
30 35 39 65
31 35 39 65
32 35 39 65
33 35 39 65
34 35 39 65
35 35 39 65
36 35 39 65
37 35 39 65
38 35 39 65
39 35 39 65
40 35 39 65
41 35 39 65
42 35 39 65
43 35 39 65
44 35 39 65
45 35 39 65
46 35 39 65
47 35 39 65
48 35 39 65
49 35 39 65
50 35 39 65
51 35 39 65
52 35 39 65
53 35 39 65
54 35 39 65
55 35 39 65
56 35 39 65
57 35 39 65
58 35 39 65
59 35 39 65
60 35 39 65
61 35 39 65
62 35 39 65
63 35 39 65
64 35 39 65
65 35 39 65
