0 38 31 74
1 38 31 74
2 38 31 74
3 38 31 74
4 38 31 74
5 38 31 74
6 38 31 74
7 38 31 74
8 38 31 74
9 38 31 74
10 38 31 74
11 38 31 74
12 38 31 74
13 38 31 74
14 38 31 74
15 38 31 74
16 38 31 74
17 38 31 74
18 38 31 74
19 38 31 74
20 38 31 74
21 38 31 74
22 38 31 74
23 38 31 74
24 38 31 74
25 38 31 74
26 38 31 74
27 38 31 74
28 38 31 74
29 38 31 74
30 38 31 74
31 38 31 74
32 38 31 74
33 38 31 74
34 38 31 74
35 38 31 74
36 38 31 74
37 38 31 74
38 38 31 74
39 38 31 74
40 38 31 74
41 38 31 74
42 38 31 74
43 38 31 74
44 38 31 74
45 38 31 74
46 38 31 74
47 38 31 74
48 38 31 74
49 38 31 74
50 38 31 74
51 38 31 74
52 38 31 74
53 38 31 74
54 38 31 74
55 38 31 74
56 38 31 74
57 38 31 74
58 38 31 74
59 38 31 74
60 38 31 74
61 38 31 74
62 38 31 74
63 38 31 74
64 38 31 74
65 38 31 74
