0 14 41 31
1 14 41 31
2 14 41 31
3 14 41 31
4 14 41 31
5 14 41 31
6 14 41 31
7 14 41 31
8 14 41 31
9 14 41 31
10 14 41 31
11 14 41 31
12 14 41 31
13 14 41 31
14 14 41 31
15 14 41 31
16 14 41 31
17 14 41 31
18 14 41 31
19 14 41 31
20 14 41 31
21 14 41 31
22 14 41 31
23 14 41 31
24 14 41 31
25 14 41 31
26 14 41 31
27 14 41 31
28 14 41 31
29 14 41 31
30 14 41 31
31 14 41 31
32 14 41 31
33 14 41 31
34 14 41 31
35 14 41 31
36 14 41 31
37 14 41 31
38 14 41 31
39 14 41 31
40 14 41 31
41 14 41 31
42 14 41 31
43 14 41 31
44 14 41 31
45 14 41 31
46 14 41 31
47 14 41 31
48 14 41 31
49 14 41 31
50 14 41 31
51 14 41 31
52 14 41 31
53 14 41 31
54 14 41 31
55 14 41 31
56 14 41 31
57 14 41 31
58 14 41 31
59 14 41 31
60 14 41 31
61 14 41 31
62 14 41 31
63 14 41 31
64 14 41 31
65 14 41 31
