0 45 38 8
1 45 38 8
2 45 38 8
3 45 38 8
4 45 38 8
5 45 38 8
6 45 38 8
7 45 38 8
8 45 38 8
9 45 38 8
10 45 38 8
11 45 38 8
12 45 38 8
13 45 38 8
14 45 38 8
15 45 38 8
16 45 38 8
17 45 38 8
18 45 38 8
19 45 38 8
20 45 38 8
21 45 38 8
22 45 38 8
23 45 38 8
24 45 38 8
25 45 38 8
26 45 38 8
27 45 38 8
28 45 38 8
29 45 38 8
30 45 38 8
31 45 38 8
32 45 38 8
33 45 38 8
34 45 38 8
35 45 38 8
36 45 38 8
37 45 38 8
38 45 38 8
39 45 38 8
40 45 38 8
41 45 38 8
42 45 38 8
43 45 38 8
44 45 38 8
45 45 38 8
46 45 38 8
47 45 38 8
48 45 38 8
49 45 38 8
50 45 38 8
51 45 38 8
52 45 38 8
53 45 38 8
54 45 38 8
55 45 38 8
56 45 38 8
57 45 38 8
58 45 38 8
59 45 38 8
60 45 38 8
61 45 38 8
62 45 38 8
63 45 38 8
64 45 38 8
65 45 38 8
