0 17 47 4
1 17 47 4
2 17 47 4
3 17 47 4
4 17 47 4
5 17 47 4
6 17 47 4
7 17 47 4
8 17 47 4
9 17 47 4
10 17 47 4
11 17 47 4
12 17 47 4
13 17 47 4
14 17 47 4
15 17 47 4
16 17 47 4
17 17 47 4
18 17 47 4
19 17 47 4
20 17 47 4
21 17 47 4
22 17 47 4
23 17 47 4
24 17 47 4
25 17 47 4
26 17 47 4
27 17 47 4
28 17 47 4
29 17 47 4
30 17 47 4
31 17 47 4
32 17 47 4
33 17 47 4
34 17 47 4
35 17 47 4
36 17 47 4
37 17 47 4
38 17 47 4
39 17 47 4
40 17 47 4
41 17 47 4
42 17 47 4
43 17 47 4
44 17 47 4
45 17 47 4
46 17 47 4
47 17 47 4
48 17 47 4
49 17 47 4
50 17 47 4
51 17 47 4
52 17 47 4
53 17 47 4
54 17 47 4
55 17 47 4
56 17 47 4
57 17 47 4
58 17 47 4
59 17 47 4
60 17 47 4
61 17 47 4
62 17 47 4
63 17 47 4
64 17 47 4
65 17 47 4
