0 21 37 61
1 21 37 61
2 21 37 61
3 21 37 61
4 21 37 61
5 21 37 61
6 21 37 61
7 21 37 61
8 21 37 61
9 21 37 61
10 21 37 61
11 21 37 61
12 21 37 61
13 21 37 61
14 21 37 61
15 21 37 61
16 21 37 61
17 21 37 61
18 21 37 61
19 21 37 61
20 21 37 61
21 21 37 61
22 21 37 61
23 21 37 61
24 21 37 61
25 21 37 61
26 21 37 61
27 21 37 61
28 21 37 61
29 21 37 61
30 21 37 61
31 21 37 61
32 21 37 61
33 21 37 61
34 21 37 61
35 21 37 61
36 21 37 61
37 21 37 61
38 21 37 61
39 21 37 61
40 21 37 61
41 21 37 61
42 21 37 61
43 21 37 61
44 21 37 61
45 21 37 61
46 21 37 61
47 21 37 61
48 21 37 61
49 21 37 61
50 21 37 61
51 21 37 61
52 21 37 61
53 21 37 61
54 21 37 61
55 21 37 61
56 21 37 61
57 21 37 61
58 21 37 61
59 21 37 61
60 21 37 61
61 21 37 61
62 21 37 61
63 21 37 61
64 21 37 61
65 21 37 61
