0 25 28 67
1 25 28 67
2 25 28 67
3 25 28 67
4 25 28 67
5 25 28 67
6 25 28 67
7 25 28 67
8 25 28 67
9 25 28 67
10 25 28 67
11 25 28 67
12 25 28 67
13 25 28 67
14 25 28 67
15 25 28 67
16 25 28 67
17 25 28 67
18 25 28 67
19 25 28 67
20 25 28 67
21 25 28 67
22 25 28 67
23 25 28 67
24 25 28 67
25 25 28 67
26 25 28 67
27 25 28 67
28 25 28 67
29 25 28 67
30 25 28 67
31 25 28 67
32 25 28 67
33 25 28 67
34 25 28 67
35 25 28 67
36 25 28 67
37 25 28 67
38 25 28 67
39 25 28 67
40 25 28 67
41 25 28 67
42 25 28 67
43 25 28 67
44 25 28 67
45 25 28 67
46 25 28 67
47 25 28 67
48 25 28 67
49 25 28 67
50 25 28 67
51 25 28 67
52 25 28 67
53 25 28 67
54 25 28 67
55 25 28 67
56 25 28 67
57 25 28 67
58 25 28 67
59 25 28 67
60 25 28 67
61 25 28 67
62 25 28 67
63 25 28 67
64 25 28 67
65 25 28 67
