0 28 15 31
1 28 15 31
2 28 15 31
3 28 15 31
4 28 15 31
5 28 15 31
6 28 15 31
7 28 15 31
8 28 15 31
9 28 15 31
10 28 15 31
11 28 15 31
12 28 15 31
13 28 15 31
14 28 15 31
15 28 15 31
16 28 15 31
17 28 15 31
18 28 15 31
19 28 15 31
20 28 15 31
21 28 15 31
22 28 15 31
23 28 15 31
24 28 15 31
25 28 15 31
26 28 15 31
27 28 15 31
28 28 15 31
29 28 15 31
30 28 15 31
31 28 15 31
32 28 15 31
33 28 15 31
34 28 15 31
35 28 15 31
36 28 15 31
37 28 15 31
38 28 15 31
39 28 15 31
40 28 15 31
41 28 15 31
42 28 15 31
43 28 15 31
44 28 15 31
45 28 15 31
46 28 15 31
47 28 15 31
48 28 15 31
49 28 15 31
50 28 15 31
51 28 15 31
52 28 15 31
53 28 15 31
54 28 15 31
55 28 15 31
56 28 15 31
57 28 15 31
58 28 15 31
59 28 15 31
60 28 15 31
61 28 15 31
62 28 15 31
63 28 15 31
64 28 15 31
65 28 15 31
