0 34 29 50
1 34 29 50
2 34 29 50
3 34 29 50
4 34 29 50
5 34 29 50
6 34 29 50
7 34 29 50
8 34 29 50
9 34 29 50
10 34 29 50
11 34 29 50
12 34 29 50
13 34 29 50
14 34 29 50
15 34 29 50
16 34 29 50
17 34 29 50
18 34 29 50
19 34 29 50
20 34 29 50
21 34 29 50
22 34 29 50
23 34 29 50
24 34 29 50
25 34 29 50
26 34 29 50
27 34 29 50
28 34 29 50
29 34 29 50
30 34 29 50
31 34 29 50
32 34 29 50
33 34 29 50
34 34 29 50
35 34 29 50
36 34 29 50
37 34 29 50
38 34 29 50
39 34 29 50
40 34 29 50
41 34 29 50
42 34 29 50
43 34 29 50
44 34 29 50
45 34 29 50
46 34 29 50
47 34 29 50
48 34 29 50
49 34 29 50
50 34 29 50
51 34 29 50
52 34 29 50
53 34 29 50
54 34 29 50
55 34 29 50
56 34 29 50
57 34 29 50
58 34 29 50
59 34 29 50
60 34 29 50
61 34 29 50
62 34 29 50
63 34 29 50
64 34 29 50
65 34 29 50
