0 16 16 31
1 16 16 31
2 16 16 31
3 16 16 31
4 16 16 31
5 16 16 31
6 16 16 31
7 16 16 31
8 16 16 31
9 16 16 31
10 16 16 31
11 16 16 31
12 16 16 31
13 16 16 31
14 16 16 31
15 16 16 31
16 16 16 31
17 16 16 31
18 16 16 31
19 16 16 31
20 16 16 31
21 16 16 31
22 16 16 31
23 16 16 31
24 16 16 31
25 16 16 31
26 16 16 31
27 16 16 31
28 16 16 31
29 16 16 31
30 16 16 31
31 16 16 31
32 16 16 31
33 16 16 31
34 16 16 31
35 16 16 31
36 16 16 31
37 16 16 31
38 16 16 31
39 16 16 31
40 16 16 31
41 16 16 31
42 16 16 31
43 16 16 31
44 16 16 31
45 16 16 31
46 16 16 31
47 16 16 31
48 16 16 31
49 16 16 31
50 16 16 31
51 16 16 31
52 16 16 31
53 16 16 31
54 16 16 31
55 16 16 31
56 16 16 31
57 16 16 31
58 16 16 31
59 16 16 31
60 16 16 31
61 16 16 31
62 16 16 31
63 16 16 31
64 16 16 31
65 16 16 31
