0 31 15 65
1 31 15 65
2 31 15 65
3 31 15 65
4 31 15 65
5 31 15 65
6 31 15 65
7 31 15 65
8 31 15 65
9 31 15 65
10 31 15 65
11 31 15 65
12 31 15 65
13 31 15 65
14 31 15 65
15 31 15 65
16 31 15 65
17 31 15 65
18 31 15 65
19 31 15 65
20 31 15 65
21 31 15 65
22 31 15 65
23 31 15 65
24 31 15 65
25 31 15 65
26 31 15 65
27 31 15 65
28 31 15 65
29 31 15 65
30 31 15 65
31 31 15 65
32 31 15 65
33 31 15 65
34 31 15 65
35 31 15 65
36 31 15 65
37 31 15 65
38 31 15 65
39 31 15 65
40 31 15 65
41 31 15 65
42 31 15 65
43 31 15 65
44 31 15 65
45 31 15 65
46 31 15 65
47 31 15 65
48 31 15 65
49 31 15 65
50 31 15 65
51 31 15 65
52 31 15 65
53 31 15 65
54 31 15 65
55 31 15 65
56 31 15 65
57 31 15 65
58 31 15 65
59 31 15 65
60 31 15 65
61 31 15 65
62 31 15 65
63 31 15 65
64 31 15 65
65 31 15 65
