0.0 54.01 29.59 19.98
1.0 53.43 28.15 20.00
2.0 57.24 31.00 20.00
3.0 54.38 31.65 19.11
4.0 56.40 32.02 19.65
5.0 60.52 34.76 20.00
6.0 57.75 31.11 18.29
7.0 59.04 30.36 19.39
8.0 57.59 33.53 20.00
9.0 56.82 36.63 20.00
10.0 52.43 40.54 19.71
11.0 50.49 42.51 20.00
12.0 52.72 39.30 20.00
13.0 54.26 37.17 20.00
14.0 49.45 34.83 19.94
15.0 49.93 35.28 20.00
16.0 51.90 39.81 20.00
17.0 52.70 41.34 18.52
18.0 49.46 41.63 18.31
19.0 48.47 44.15 19.86
20.0 50.55 45.53 20.00
21.0 54.02 43.42 20.00
22.0 54.19 38.56 18.07
23.0 53.92 43.10 16.27
24.0 52.08 43.43 16.52
25.0 50.76 45.08 15.06
26.0 49.81 44.69 15.06
27.0 54.13 41.23 13.13
28.0 53.57 37.26 14.16
29.0 52.23 39.38 13.33
30.0 55.74 39.38 13.19
31.0 57.01 37.14 12.42
32.0 60.17 36.94 12.08
33.0 65.06 33.06 13.69
34.0 63.40 28.24 12.45
35.0 68.08 30.27 12.76
36.0 69.63 32.79 12.57
37.0 68.33 28.27 11.15
38.0 63.46 27.03 12.44
39.0 60.07 31.69 13.88
40.0 63.60 27.07 14.19
41.0 63.98 26.87 15.72
42.0 65.52 28.90 17.69
43.0 67.06 31.30 16.99
44.0 69.01 31.66 15.02
45.0 67.79 35.25 13.17
46.0 67.79 32.44 13.18
47.0 69.85 35.57 11.63
48.0 69.31 38.13 11.19
49.0 69.67 34.77 12.75
50.0 73.55 38.39 11.63
51.0 75.95 37.78 12.54
52.0 72.59 36.47 14.13
53.0 71.10 33.71 13.97
54.0 66.39 29.58 12.08
55.0 69.65 33.70 13.49
56.0 74.13 29.87 11.55
57.0 79.03 29.01 10.84
58.0 75.98 27.63 12.55
59.0 73.49 29.52 11.69
60.0 78.25 28.11 12.19
