0 40 28 31
1 40 28 31
2 40 28 31
3 40 28 31
4 40 28 31
5 40 28 31
6 40 28 31
7 40 28 31
8 40 28 31
9 40 28 31
10 40 28 31
11 40 28 31
12 40 28 31
13 40 28 31
14 40 28 31
15 40 28 31
16 40 28 31
17 40 28 31
18 40 28 31
19 40 28 31
20 40 28 31
21 40 28 31
22 40 28 31
23 40 28 31
24 40 28 31
25 40 28 31
26 40 28 31
27 40 28 31
28 40 28 31
29 40 28 31
30 40 28 31
31 40 28 31
32 40 28 31
33 40 28 31
34 40 28 31
35 40 28 31
36 40 28 31
37 40 28 31
38 40 28 31
39 40 28 31
40 40 28 31
41 40 28 31
42 40 28 31
43 40 28 31
44 40 28 31
45 40 28 31
46 40 28 31
47 40 28 31
48 40 28 31
49 40 28 31
50 40 28 31
51 40 28 31
52 40 28 31
53 40 28 31
54 40 28 31
55 40 28 31
56 40 28 31
57 40 28 31
58 40 28 31
59 40 28 31
60 40 28 31
61 40 28 31
62 40 28 31
63 40 28 31
64 40 28 31
65 40 28 31
