0 28 36 70
1 28 36 70
2 28 36 70
3 28 36 70
4 28 36 70
5 28 36 70
6 28 36 70
7 28 36 70
8 28 36 70
9 28 36 70
10 28 36 70
11 28 36 70
12 28 36 70
13 28 36 70
14 28 36 70
15 28 36 70
16 28 36 70
17 28 36 70
18 28 36 70
19 28 36 70
20 28 36 70
21 28 36 70
22 28 36 70
23 28 36 70
24 28 36 70
25 28 36 70
26 28 36 70
27 28 36 70
28 28 36 70
29 28 36 70
30 28 36 70
31 28 36 70
32 28 36 70
33 28 36 70
34 28 36 70
35 28 36 70
36 28 36 70
37 28 36 70
38 28 36 70
39 28 36 70
40 28 36 70
41 28 36 70
42 28 36 70
43 28 36 70
44 28 36 70
45 28 36 70
46 28 36 70
47 28 36 70
48 28 36 70
49 28 36 70
50 28 36 70
51 28 36 70
52 28 36 70
53 28 36 70
54 28 36 70
55 28 36 70
56 28 36 70
57 28 36 70
58 28 36 70
59 28 36 70
60 28 36 70
61 28 36 70
62 28 36 70
63 28 36 70
64 28 36 70
65 28 36 70
