0 26 21 47
1 26 21 47
2 26 21 47
3 26 21 47
4 26 21 47
5 26 21 47
6 26 21 47
7 26 21 47
8 26 21 47
9 26 21 47
10 26 21 47
11 26 21 47
12 26 21 47
13 26 21 47
14 26 21 47
15 26 21 47
16 26 21 47
17 26 21 47
18 26 21 47
19 26 21 47
20 26 21 47
21 26 21 47
22 26 21 47
23 26 21 47
24 26 21 47
25 26 21 47
26 26 21 47
27 26 21 47
28 26 21 47
29 26 21 47
30 26 21 47
31 26 21 47
32 26 21 47
33 26 21 47
34 26 21 47
35 26 21 47
36 26 21 47
37 26 21 47
38 26 21 47
39 26 21 47
40 26 21 47
41 26 21 47
42 26 21 47
43 26 21 47
44 26 21 47
45 26 21 47
46 26 21 47
47 26 21 47
48 26 21 47
49 26 21 47
50 26 21 47
51 26 21 47
52 26 21 47
53 26 21 47
54 26 21 47
55 26 21 47
56 26 21 47
57 26 21 47
58 26 21 47
59 26 21 47
60 26 21 47
61 26 21 47
62 26 21 47
63 26 21 47
64 26 21 47
65 26 21 47
