0.0 35.21 29.00 17.26
1.0 30.99 26.19 17.74
2.0 29.39 28.72 16.45
3.0 24.82 31.28 16.06
4.0 20.88 26.70 17.29
5.0 19.27 30.73 17.57
6.0 16.95 34.49 19.31
7.0 16.81 33.16 18.01
8.0 18.44 37.65 17.69
9.0 22.42 39.39 17.29
10.0 24.76 42.14 19.25
11.0 26.48 44.81 17.88
12.0 27.70 43.06 16.87
13.0 29.92 47.12 16.63
14.0 30.93 47.19 17.46
15.0 32.13 42.75 19.22
16.0 32.26 43.80 20.00
17.0 33.74 41.59 18.79
18.0 32.04 40.32 18.10
19.0 35.60 43.78 18.64
20.0 35.21 45.87 17.22
21.0 31.54 49.38 18.21
22.0 32.22 51.00 17.02
23.0 32.37 50.06 15.61
24.0 29.55 54.49 15.37
25.0 31.82 57.37 14.20
26.0 35.95 53.49 15.39
27.0 35.68 57.96 15.97
28.0 34.25 54.77 15.02
29.0 32.76 53.65 14.56
30.0 37.45 57.25 14.12
31.0 42.39 56.07 14.19
32.0 43.81 51.75 12.99
33.0 43.98 50.93 14.87
34.0 45.33 46.67 13.17
35.0 42.39 45.99 12.76
36.0 42.31 44.55 10.92
37.0 43.84 44.76 10.23
38.0 41.13 44.81 11.12
39.0 44.73 42.68 9.43
40.0 42.21 38.54 9.14
41.0 44.18 40.66 10.27
42.0 45.26 42.72 10.10
43.0 40.68 46.15 11.85
44.0 40.04 50.26 9.99
45.0 41.53 51.07 10.89
46.0 45.48 52.37 9.29
47.0 43.99 50.23 10.32
48.0 48.15 51.34 11.07
49.0 47.12 51.82 11.73
50.0 44.34 47.98 9.84
51.0 48.41 48.08 8.17
52.0 48.92 46.42 7.23
53.0 46.31 51.06 7.02
54.0 45.87 46.41 6.01
55.0 45.46 44.85 6.24
56.0 47.28 42.42 7.24
57.0 43.36 44.15 9.03
58.0 42.22 43.86 8.34
59.0 38.46 47.42 9.72
60.0 40.39 45.73 9.67
