0 31 28 66
1 31 28 66
2 31 28 66
3 31 28 66
4 31 28 66
5 31 28 66
6 31 28 66
7 31 28 66
8 31 28 66
9 31 28 66
10 31 28 66
11 31 28 66
12 31 28 66
13 31 28 66
14 31 28 66
15 31 28 66
16 31 28 66
17 31 28 66
18 31 28 66
19 31 28 66
20 31 28 66
21 31 28 66
22 31 28 66
23 31 28 66
24 31 28 66
25 31 28 66
26 31 28 66
27 31 28 66
28 31 28 66
29 31 28 66
30 31 28 66
31 31 28 66
32 31 28 66
33 31 28 66
34 31 28 66
35 31 28 66
36 31 28 66
37 31 28 66
38 31 28 66
39 31 28 66
40 31 28 66
41 31 28 66
42 31 28 66
43 31 28 66
44 31 28 66
45 31 28 66
46 31 28 66
47 31 28 66
48 31 28 66
49 31 28 66
50 31 28 66
51 31 28 66
52 31 28 66
53 31 28 66
54 31 28 66
55 31 28 66
56 31 28 66
57 31 28 66
58 31 28 66
59 31 28 66
60 31 28 66
61 31 28 66
62 31 28 66
63 31 28 66
64 31 28 66
65 31 28 66
