0 22 47 3
1 22 47 3
2 22 47 3
3 22 47 3
4 22 47 3
5 22 47 3
6 22 47 3
7 22 47 3
8 22 47 3
9 22 47 3
10 22 47 3
11 22 47 3
12 22 47 3
13 22 47 3
14 22 47 3
15 22 47 3
16 22 47 3
17 22 47 3
18 22 47 3
19 22 47 3
20 22 47 3
21 22 47 3
22 22 47 3
23 22 47 3
24 22 47 3
25 22 47 3
26 22 47 3
27 22 47 3
28 22 47 3
29 22 47 3
30 22 47 3
31 22 47 3
32 22 47 3
33 22 47 3
34 22 47 3
35 22 47 3
36 22 47 3
37 22 47 3
38 22 47 3
39 22 47 3
40 22 47 3
41 22 47 3
42 22 47 3
43 22 47 3
44 22 47 3
45 22 47 3
46 22 47 3
47 22 47 3
48 22 47 3
49 22 47 3
50 22 47 3
51 22 47 3
52 22 47 3
53 22 47 3
54 22 47 3
55 22 47 3
56 22 47 3
57 22 47 3
58 22 47 3
59 22 47 3
60 22 47 3
61 22 47 3
62 22 47 3
63 22 47 3
64 22 47 3
65 22 47 3
