0 26 34 50
1 26 34 50
2 26 34 50
3 26 34 50
4 26 34 50
5 26 34 50
6 26 34 50
7 26 34 50
8 26 34 50
9 26 34 50
10 26 34 50
11 26 34 50
12 26 34 50
13 26 34 50
14 26 34 50
15 26 34 50
16 26 34 50
17 26 34 50
18 26 34 50
19 26 34 50
20 26 34 50
21 26 34 50
22 26 34 50
23 26 34 50
24 26 34 50
25 26 34 50
26 26 34 50
27 26 34 50
28 26 34 50
29 26 34 50
30 26 34 50
31 26 34 50
32 26 34 50
33 26 34 50
34 26 34 50
35 26 34 50
36 26 34 50
37 26 34 50
38 26 34 50
39 26 34 50
40 26 34 50
41 26 34 50
42 26 34 50
43 26 34 50
44 26 34 50
45 26 34 50
46 26 34 50
47 26 34 50
48 26 34 50
49 26 34 50
50 26 34 50
51 26 34 50
52 26 34 50
53 26 34 50
54 26 34 50
55 26 34 50
56 26 34 50
57 26 34 50
58 26 34 50
59 26 34 50
60 26 34 50
61 26 34 50
62 26 34 50
63 26 34 50
64 26 34 50
65 26 34 50
