0 23 20 39
1 23 20 39
2 23 20 39
3 23 20 39
4 23 20 39
5 23 20 39
6 23 20 39
7 23 20 39
8 23 20 39
9 23 20 39
10 23 20 39
11 23 20 39
12 23 20 39
13 23 20 39
14 23 20 39
15 23 20 39
16 23 20 39
17 23 20 39
18 23 20 39
19 23 20 39
20 23 20 39
21 23 20 39
22 23 20 39
23 23 20 39
24 23 20 39
25 23 20 39
26 23 20 39
27 23 20 39
28 23 20 39
29 23 20 39
30 23 20 39
31 23 20 39
32 23 20 39
33 23 20 39
34 23 20 39
35 23 20 39
36 23 20 39
37 23 20 39
38 23 20 39
39 23 20 39
40 23 20 39
41 23 20 39
42 23 20 39
43 23 20 39
44 23 20 39
45 23 20 39
46 23 20 39
47 23 20 39
48 23 20 39
49 23 20 39
50 23 20 39
51 23 20 39
52 23 20 39
53 23 20 39
54 23 20 39
55 23 20 39
56 23 20 39
57 23 20 39
58 23 20 39
59 23 20 39
60 23 20 39
61 23 20 39
62 23 20 39
63 23 20 39
64 23 20 39
65 23 20 39
