0 34 39 63
1 34 39 63
2 34 39 63
3 34 39 63
4 34 39 63
5 34 39 63
6 34 39 63
7 34 39 63
8 34 39 63
9 34 39 63
10 34 39 63
11 34 39 63
12 34 39 63
13 34 39 63
14 34 39 63
15 34 39 63
16 34 39 63
17 34 39 63
18 34 39 63
19 34 39 63
20 34 39 63
21 34 39 63
22 34 39 63
23 34 39 63
24 34 39 63
25 34 39 63
26 34 39 63
27 34 39 63
28 34 39 63
29 34 39 63
30 34 39 63
31 34 39 63
32 34 39 63
33 34 39 63
34 34 39 63
35 34 39 63
36 34 39 63
37 34 39 63
38 34 39 63
39 34 39 63
40 34 39 63
41 34 39 63
42 34 39 63
43 34 39 63
44 34 39 63
45 34 39 63
46 34 39 63
47 34 39 63
48 34 39 63
49 34 39 63
50 34 39 63
51 34 39 63
52 34 39 63
53 34 39 63
54 34 39 63
55 34 39 63
56 34 39 63
57 34 39 63
58 34 39 63
59 34 39 63
60 34 39 63
61 34 39 63
62 34 39 63
63 34 39 63
64 34 39 63
65 34 39 63
