0 18 37 76
1 18 37 76
2 18 37 76
3 18 37 76
4 18 37 76
5 18 37 76
6 18 37 76
7 18 37 76
8 18 37 76
9 18 37 76
10 18 37 76
11 18 37 76
12 18 37 76
13 18 37 76
14 18 37 76
15 18 37 76
16 18 37 76
17 18 37 76
18 18 37 76
19 18 37 76
20 18 37 76
21 18 37 76
22 18 37 76
23 18 37 76
24 18 37 76
25 18 37 76
26 18 37 76
27 18 37 76
28 18 37 76
29 18 37 76
30 18 37 76
31 18 37 76
32 18 37 76
33 18 37 76
34 18 37 76
35 18 37 76
36 18 37 76
37 18 37 76
38 18 37 76
39 18 37 76
40 18 37 76
41 18 37 76
42 18 37 76
43 18 37 76
44 18 37 76
45 18 37 76
46 18 37 76
47 18 37 76
48 18 37 76
49 18 37 76
50 18 37 76
51 18 37 76
52 18 37 76
53 18 37 76
54 18 37 76
55 18 37 76
56 18 37 76
57 18 37 76
58 18 37 76
59 18 37 76
60 18 37 76
61 18 37 76
62 18 37 76
63 18 37 76
64 18 37 76
65 18 37 76
