0 36 33 72
1 36 33 72
2 36 33 72
3 36 33 72
4 36 33 72
5 36 33 72
6 36 33 72
7 36 33 72
8 36 33 72
9 36 33 72
10 36 33 72
11 36 33 72
12 36 33 72
13 36 33 72
14 36 33 72
15 36 33 72
16 36 33 72
17 36 33 72
18 36 33 72
19 36 33 72
20 36 33 72
21 36 33 72
22 36 33 72
23 36 33 72
24 36 33 72
25 36 33 72
26 36 33 72
27 36 33 72
28 36 33 72
29 36 33 72
30 36 33 72
31 36 33 72
32 36 33 72
33 36 33 72
34 36 33 72
35 36 33 72
36 36 33 72
37 36 33 72
38 36 33 72
39 36 33 72
40 36 33 72
41 36 33 72
42 36 33 72
43 36 33 72
44 36 33 72
45 36 33 72
46 36 33 72
47 36 33 72
48 36 33 72
49 36 33 72
50 36 33 72
51 36 33 72
52 36 33 72
53 36 33 72
54 36 33 72
55 36 33 72
56 36 33 72
57 36 33 72
58 36 33 72
59 36 33 72
60 36 33 72
61 36 33 72
62 36 33 72
63 36 33 72
64 36 33 72
65 36 33 72
