0 38 24 92
1 38 24 92
2 38 24 92
3 38 24 92
4 38 24 92
5 38 24 92
6 38 24 92
7 38 24 92
8 38 24 92
9 38 24 92
10 38 24 92
11 38 24 92
12 38 24 92
13 38 24 92
14 38 24 92
15 38 24 92
16 38 24 92
17 38 24 92
18 38 24 92
19 38 24 92
20 38 24 92
21 38 24 92
22 38 24 92
23 38 24 92
24 38 24 92
25 38 24 92
26 38 24 92
27 38 24 92
28 38 24 92
29 38 24 92
30 38 24 92
31 38 24 92
32 38 24 92
33 38 24 92
34 38 24 92
35 38 24 92
36 38 24 92
37 38 24 92
38 38 24 92
39 38 24 92
40 38 24 92
41 38 24 92
42 38 24 92
43 38 24 92
44 38 24 92
45 38 24 92
46 38 24 92
47 38 24 92
48 38 24 92
49 38 24 92
50 38 24 92
51 38 24 92
52 38 24 92
53 38 24 92
54 38 24 92
55 38 24 92
56 38 24 92
57 38 24 92
58 38 24 92
59 38 24 92
60 38 24 92
61 38 24 92
62 38 24 92
63 38 24 92
64 38 24 92
65 38 24 92
