0 22 37 67
1 22 37 67
2 22 37 67
3 22 37 67
4 22 37 67
5 22 37 67
6 22 37 67
7 22 37 67
8 22 37 67
9 22 37 67
10 22 37 67
11 22 37 67
12 22 37 67
13 22 37 67
14 22 37 67
15 22 37 67
16 22 37 67
17 22 37 67
18 22 37 67
19 22 37 67
20 22 37 67
21 22 37 67
22 22 37 67
23 22 37 67
24 22 37 67
25 22 37 67
26 22 37 67
27 22 37 67
28 22 37 67
29 22 37 67
30 22 37 67
31 22 37 67
32 22 37 67
33 22 37 67
34 22 37 67
35 22 37 67
36 22 37 67
37 22 37 67
38 22 37 67
39 22 37 67
40 22 37 67
41 22 37 67
42 22 37 67
43 22 37 67
44 22 37 67
45 22 37 67
46 22 37 67
47 22 37 67
48 22 37 67
49 22 37 67
50 22 37 67
51 22 37 67
52 22 37 67
53 22 37 67
54 22 37 67
55 22 37 67
56 22 37 67
57 22 37 67
58 22 37 67
59 22 37 67
60 22 37 67
61 22 37 67
62 22 37 67
63 22 37 67
64 22 37 67
65 22 37 67
