0 37 37 76
1 37 37 76
2 37 37 76
3 37 37 76
4 37 37 76
5 37 37 76
6 37 37 76
7 37 37 76
8 37 37 76
9 37 37 76
10 37 37 76
11 37 37 76
12 37 37 76
13 37 37 76
14 37 37 76
15 37 37 76
16 37 37 76
17 37 37 76
18 37 37 76
19 37 37 76
20 37 37 76
21 37 37 76
22 37 37 76
23 37 37 76
24 37 37 76
25 37 37 76
26 37 37 76
27 37 37 76
28 37 37 76
29 37 37 76
30 37 37 76
31 37 37 76
32 37 37 76
33 37 37 76
34 37 37 76
35 37 37 76
36 37 37 76
37 37 37 76
38 37 37 76
39 37 37 76
40 37 37 76
41 37 37 76
42 37 37 76
43 37 37 76
44 37 37 76
45 37 37 76
46 37 37 76
47 37 37 76
48 37 37 76
49 37 37 76
50 37 37 76
51 37 37 76
52 37 37 76
53 37 37 76
54 37 37 76
55 37 37 76
56 37 37 76
57 37 37 76
58 37 37 76
59 37 37 76
60 37 37 76
61 37 37 76
62 37 37 76
63 37 37 76
64 37 37 76
65 37 37 76
