0 34 21 68
1 34 21 68
2 34 21 68
3 34 21 68
4 34 21 68
5 34 21 68
6 34 21 68
7 34 21 68
8 34 21 68
9 34 21 68
10 34 21 68
11 34 21 68
12 34 21 68
13 34 21 68
14 34 21 68
15 34 21 68
16 34 21 68
17 34 21 68
18 34 21 68
19 34 21 68
20 34 21 68
21 34 21 68
22 34 21 68
23 34 21 68
24 34 21 68
25 34 21 68
26 34 21 68
27 34 21 68
28 34 21 68
29 34 21 68
30 34 21 68
31 34 21 68
32 34 21 68
33 34 21 68
34 34 21 68
35 34 21 68
36 34 21 68
37 34 21 68
38 34 21 68
39 34 21 68
40 34 21 68
41 34 21 68
42 34 21 68
43 34 21 68
44 34 21 68
45 34 21 68
46 34 21 68
47 34 21 68
48 34 21 68
49 34 21 68
50 34 21 68
51 34 21 68
52 34 21 68
53 34 21 68
54 34 21 68
55 34 21 68
56 34 21 68
57 34 21 68
58 34 21 68
59 34 21 68
60 34 21 68
61 34 21 68
62 34 21 68
63 34 21 68
64 34 21 68
65 34 21 68
