0 45 45 3
1 45 45 3
2 45 45 3
3 45 45 3
4 45 45 3
5 45 45 3
6 45 45 3
7 45 45 3
8 45 45 3
9 45 45 3
10 45 45 3
11 45 45 3
12 45 45 3
13 45 45 3
14 45 45 3
15 45 45 3
16 45 45 3
17 45 45 3
18 45 45 3
19 45 45 3
20 45 45 3
21 45 45 3
22 45 45 3
23 45 45 3
24 45 45 3
25 45 45 3
26 45 45 3
27 45 45 3
28 45 45 3
29 45 45 3
30 45 45 3
31 45 45 3
32 45 45 3
33 45 45 3
34 45 45 3
35 45 45 3
36 45 45 3
37 45 45 3
38 45 45 3
39 45 45 3
40 45 45 3
41 45 45 3
42 45 45 3
43 45 45 3
44 45 45 3
45 45 45 3
46 45 45 3
47 45 45 3
48 45 45 3
49 45 45 3
50 45 45 3
51 45 45 3
52 45 45 3
53 45 45 3
54 45 45 3
55 45 45 3
56 45 45 3
57 45 45 3
58 45 45 3
59 45 45 3
60 45 45 3
61 45 45 3
62 45 45 3
63 45 45 3
64 45 45 3
65 45 45 3
