0 20 20 60
1 20 20 60
2 20 20 60
3 20 20 60
4 20 20 60
5 20 20 60
6 20 20 60
7 20 20 60
8 20 20 60
9 20 20 60
10 20 20 60
11 20 20 60
12 20 20 60
13 20 20 60
14 20 20 60
15 20 20 60
16 20 20 60
17 20 20 60
18 20 20 60
19 20 20 60
20 20 20 60
21 20 20 60
22 20 20 60
23 20 20 60
24 20 20 60
25 20 20 60
26 20 20 60
27 20 20 60
28 20 20 60
29 20 20 60
30 20 20 60
31 20 20 60
32 20 20 60
33 20 20 60
34 20 20 60
35 20 20 60
36 20 20 60
37 20 20 60
38 20 20 60
39 20 20 60
40 20 20 60
41 20 20 60
42 20 20 60
43 20 20 60
44 20 20 60
45 20 20 60
46 20 20 60
47 20 20 60
48 20 20 60
49 20 20 60
50 20 20 60
51 20 20 60
52 20 20 60
53 20 20 60
54 20 20 60
55 20 20 60
56 20 20 60
57 20 20 60
58 20 20 60
59 20 20 60
60 20 20 60
61 20 20 60
62 20 20 60
63 20 20 60
64 20 20 60
65 20 20 60
