0 21 16 63
1 21 16 63
2 21 16 63
3 21 16 63
4 21 16 63
5 21 16 63
6 21 16 63
7 21 16 63
8 21 16 63
9 21 16 63
10 21 16 63
11 21 16 63
12 21 16 63
13 21 16 63
14 21 16 63
15 21 16 63
16 21 16 63
17 21 16 63
18 21 16 63
19 21 16 63
20 21 16 63
21 21 16 63
22 21 16 63
23 21 16 63
24 21 16 63
25 21 16 63
26 21 16 63
27 21 16 63
28 21 16 63
29 21 16 63
30 21 16 63
31 21 16 63
32 21 16 63
33 21 16 63
34 21 16 63
35 21 16 63
36 21 16 63
37 21 16 63
38 21 16 63
39 21 16 63
40 21 16 63
41 21 16 63
42 21 16 63
43 21 16 63
44 21 16 63
45 21 16 63
46 21 16 63
47 21 16 63
48 21 16 63
49 21 16 63
50 21 16 63
51 21 16 63
52 21 16 63
53 21 16 63
54 21 16 63
55 21 16 63
56 21 16 63
57 21 16 63
58 21 16 63
59 21 16 63
60 21 16 63
61 21 16 63
62 21 16 63
63 21 16 63
64 21 16 63
65 21 16 63
