0 14 28 66
1 14 28 66
2 14 28 66
3 14 28 66
4 14 28 66
5 14 28 66
6 14 28 66
7 14 28 66
8 14 28 66
9 14 28 66
10 14 28 66
11 14 28 66
12 14 28 66
13 14 28 66
14 14 28 66
15 14 28 66
16 14 28 66
17 14 28 66
18 14 28 66
19 14 28 66
20 14 28 66
21 14 28 66
22 14 28 66
23 14 28 66
24 14 28 66
25 14 28 66
26 14 28 66
27 14 28 66
28 14 28 66
29 14 28 66
30 14 28 66
31 14 28 66
32 14 28 66
33 14 28 66
34 14 28 66
35 14 28 66
36 14 28 66
37 14 28 66
38 14 28 66
39 14 28 66
40 14 28 66
41 14 28 66
42 14 28 66
43 14 28 66
44 14 28 66
45 14 28 66
46 14 28 66
47 14 28 66
48 14 28 66
49 14 28 66
50 14 28 66
51 14 28 66
52 14 28 66
53 14 28 66
54 14 28 66
55 14 28 66
56 14 28 66
57 14 28 66
58 14 28 66
59 14 28 66
60 14 28 66
61 14 28 66
62 14 28 66
63 14 28 66
64 14 28 66
65 14 28 66
