0 11 31 3
1 11 31 3
2 11 31 3
3 11 31 3
4 11 31 3
5 11 31 3
6 11 31 3
7 11 31 3
8 11 31 3
9 11 31 3
10 11 31 3
11 11 31 3
12 11 31 3
13 11 31 3
14 11 31 3
15 11 31 3
16 11 31 3
17 11 31 3
18 11 31 3
19 11 31 3
20 11 31 3
21 11 31 3
22 11 31 3
23 11 31 3
24 11 31 3
25 11 31 3
26 11 31 3
27 11 31 3
28 11 31 3
29 11 31 3
30 11 31 3
31 11 31 3
32 11 31 3
33 11 31 3
34 11 31 3
35 11 31 3
36 11 31 3
37 11 31 3
38 11 31 3
39 11 31 3
40 11 31 3
41 11 31 3
42 11 31 3
43 11 31 3
44 11 31 3
45 11 31 3
46 11 31 3
47 11 31 3
48 11 31 3
49 11 31 3
50 11 31 3
51 11 31 3
52 11 31 3
53 11 31 3
54 11 31 3
55 11 31 3
56 11 31 3
57 11 31 3
58 11 31 3
59 11 31 3
60 11 31 3
61 11 31 3
62 11 31 3
63 11 31 3
64 11 31 3
65 11 31 3
