0 11 38 25
1 11 38 25
2 11 38 25
3 11 38 25
4 11 38 25
5 11 38 25
6 11 38 25
7 11 38 25
8 11 38 25
9 11 38 25
10 11 38 25
11 11 38 25
12 11 38 25
13 11 38 25
14 11 38 25
15 11 38 25
16 11 38 25
17 11 38 25
18 11 38 25
19 11 38 25
20 11 38 25
21 11 38 25
22 11 38 25
23 11 38 25
24 11 38 25
25 11 38 25
26 11 38 25
27 11 38 25
28 11 38 25
29 11 38 25
30 11 38 25
31 11 38 25
32 11 38 25
33 11 38 25
34 11 38 25
35 11 38 25
36 11 38 25
37 11 38 25
38 11 38 25
39 11 38 25
40 11 38 25
41 11 38 25
42 11 38 25
43 11 38 25
44 11 38 25
45 11 38 25
46 11 38 25
47 11 38 25
48 11 38 25
49 11 38 25
50 11 38 25
51 11 38 25
52 11 38 25
53 11 38 25
54 11 38 25
55 11 38 25
56 11 38 25
57 11 38 25
58 11 38 25
59 11 38 25
60 11 38 25
61 11 38 25
62 11 38 25
63 11 38 25
64 11 38 25
65 11 38 25
