0 18 30 35
1 18 30 35
2 18 30 35
3 18 30 35
4 18 30 35
5 18 30 35
6 18 30 35
7 18 30 35
8 18 30 35
9 18 30 35
10 18 30 35
11 18 30 35
12 18 30 35
13 18 30 35
14 18 30 35
15 18 30 35
16 18 30 35
17 18 30 35
18 18 30 35
19 18 30 35
20 18 30 35
21 18 30 35
22 18 30 35
23 18 30 35
24 18 30 35
25 18 30 35
26 18 30 35
27 18 30 35
28 18 30 35
29 18 30 35
30 18 30 35
31 18 30 35
32 18 30 35
33 18 30 35
34 18 30 35
35 18 30 35
36 18 30 35
37 18 30 35
38 18 30 35
39 18 30 35
40 18 30 35
41 18 30 35
42 18 30 35
43 18 30 35
44 18 30 35
45 18 30 35
46 18 30 35
47 18 30 35
48 18 30 35
49 18 30 35
50 18 30 35
51 18 30 35
52 18 30 35
53 18 30 35
54 18 30 35
55 18 30 35
56 18 30 35
57 18 30 35
58 18 30 35
59 18 30 35
60 18 30 35
61 18 30 35
62 18 30 35
63 18 30 35
64 18 30 35
65 18 30 35
