0 31 41 78
1 31 41 78
2 31 41 78
3 31 41 78
4 31 41 78
5 31 41 78
6 31 41 78
7 31 41 78
8 31 41 78
9 31 41 78
10 31 41 78
11 31 41 78
12 31 41 78
13 31 41 78
14 31 41 78
15 31 41 78
16 31 41 78
17 31 41 78
18 31 41 78
19 31 41 78
20 31 41 78
21 31 41 78
22 31 41 78
23 31 41 78
24 31 41 78
25 31 41 78
26 31 41 78
27 31 41 78
28 31 41 78
29 31 41 78
30 31 41 78
31 31 41 78
32 31 41 78
33 31 41 78
34 31 41 78
35 31 41 78
36 31 41 78
37 31 41 78
38 31 41 78
39 31 41 78
40 31 41 78
41 31 41 78
42 31 41 78
43 31 41 78
44 31 41 78
45 31 41 78
46 31 41 78
47 31 41 78
48 31 41 78
49 31 41 78
50 31 41 78
51 31 41 78
52 31 41 78
53 31 41 78
54 31 41 78
55 31 41 78
56 31 41 78
57 31 41 78
58 31 41 78
59 31 41 78
60 31 41 78
61 31 41 78
62 31 41 78
63 31 41 78
64 31 41 78
65 31 41 78
