0 28 13 3
1 28 13 3
2 28 13 3
3 28 13 3
4 28 13 3
5 28 13 3
6 28 13 3
7 28 13 3
8 28 13 3
9 28 13 3
10 28 13 3
11 28 13 3
12 28 13 3
13 28 13 3
14 28 13 3
15 28 13 3
16 28 13 3
17 28 13 3
18 28 13 3
19 28 13 3
20 28 13 3
21 28 13 3
22 28 13 3
23 28 13 3
24 28 13 3
25 28 13 3
26 28 13 3
27 28 13 3
28 28 13 3
29 28 13 3
30 28 13 3
31 28 13 3
32 28 13 3
33 28 13 3
34 28 13 3
35 28 13 3
36 28 13 3
37 28 13 3
38 28 13 3
39 28 13 3
40 28 13 3
41 28 13 3
42 28 13 3
43 28 13 3
44 28 13 3
45 28 13 3
46 28 13 3
47 28 13 3
48 28 13 3
49 28 13 3
50 28 13 3
51 28 13 3
52 28 13 3
53 28 13 3
54 28 13 3
55 28 13 3
56 28 13 3
57 28 13 3
58 28 13 3
59 28 13 3
60 28 13 3
61 28 13 3
62 28 13 3
63 28 13 3
64 28 13 3
65 28 13 3
