0 10 10 11
1 10 10 11
2 10 10 11
3 10 10 11
4 10 10 11
5 10 10 11
6 10 10 11
7 10 10 11
8 10 10 11
9 10 10 11
10 10 10 11
11 10 10 11
12 10 10 11
13 10 10 11
14 10 10 11
15 10 10 11
16 10 10 11
17 10 10 11
18 10 10 11
19 10 10 11
20 10 10 11
21 10 10 11
22 10 10 11
23 10 10 11
24 10 10 11
25 10 10 11
26 10 10 11
27 10 10 11
28 10 10 11
29 10 10 11
30 10 10 11
31 10 10 11
32 10 10 11
33 10 10 11
34 10 10 11
35 10 10 11
36 10 10 11
37 10 10 11
38 10 10 11
39 10 10 11
40 10 10 11
41 10 10 11
42 10 10 11
43 10 10 11
44 10 10 11
45 10 10 11
46 10 10 11
47 10 10 11
48 10 10 11
49 10 10 11
50 10 10 11
51 10 10 11
52 10 10 11
53 10 10 11
54 10 10 11
55 10 10 11
56 10 10 11
57 10 10 11
58 10 10 11
59 10 10 11
60 10 10 11
61 10 10 11
62 10 10 11
63 10 10 11
64 10 10 11
65 10 10 11
