0.0 54.30 0.52 14.71
1.0 53.12 0.00 13.86
2.0 50.32 0.00 13.09
3.0 55.22 0.00 12.93
4.0 54.51 4.37 12.45
5.0 54.57 4.38 11.43
6.0 55.68 9.04 10.19
7.0 52.99 4.72 11.00
8.0 48.35 4.02 12.09
9.0 43.83 0.00 10.33
10.0 43.14 2.85 8.92
11.0 38.43 5.08 7.24
12.0 40.86 4.73 8.04
13.0 39.44 5.95 9.00
14.0 39.56 7.15 10.98
15.0 34.78 8.04 9.83
16.0 30.08 9.69 10.93
17.0 32.12 13.07 9.06
18.0 35.00 10.46 8.67
19.0 32.43 12.19 6.94
20.0 28.10 7.38 5.39
21.0 29.12 10.11 6.67
22.0 25.79 11.39 6.02
23.0 21.63 6.62 7.25
24.0 18.57 10.22 8.25
25.0 13.85 12.06 9.31
26.0 11.51 10.62 9.05
27.0 15.60 5.81 7.44
28.0 14.81 7.62 5.97
29.0 19.25 5.58 6.98
30.0 15.01 9.73 8.73
31.0 14.54 8.07 7.63
32.0 12.10 13.04 6.47
33.0 10.28 11.42 8.20
34.0 9.81 15.99 9.87
35.0 9.16 19.97 10.50
36.0 6.46 24.76 9.93
37.0 9.34 28.42 9.40
38.0 4.40 26.47 11.13
39.0 8.16 30.10 11.84
40.0 5.12 33.10 11.31
41.0 0.34 36.14 10.72
42.0 4.02 41.13 9.48
43.0 5.44 37.80 11.27
44.0 0.54 38.87 13.24
45.0 0.00 34.66 13.12
46.0 4.38 33.75 13.64
47.0 6.06 36.89 12.15
48.0 5.67 37.51 11.36
49.0 6.88 36.08 11.99
50.0 8.43 33.96 13.29
51.0 6.57 34.28 11.45
52.0 4.46 30.17 10.90
53.0 5.94 28.91 10.74
54.0 6.37 29.92 10.37
55.0 3.28 31.32 10.45
56.0 3.71 34.26 11.91
57.0 3.05 32.65 11.50
58.0 7.11 37.53 10.40
59.0 2.65 32.72 11.37
60.0 0.00 33.76 13.12
