0 53 28 11
1 53 28 11
2 53 28 11
3 53 28 11
4 53 28 11
5 53 28 11
6 53 28 11
7 53 28 11
8 53 28 11
9 53 28 11
10 53 28 11
11 53 28 11
12 53 28 11
13 53 28 11
14 53 28 11
15 53 28 11
16 53 28 11
17 53 28 11
18 53 28 11
19 53 28 11
20 53 28 11
21 53 28 11
22 53 28 11
23 53 28 11
24 53 28 11
25 53 28 11
26 53 28 11
27 53 28 11
28 53 28 11
29 53 28 11
30 53 28 11
31 53 28 11
32 53 28 11
33 53 28 11
34 53 28 11
35 53 28 11
36 53 28 11
37 53 28 11
38 53 28 11
39 53 28 11
40 53 28 11
41 53 28 11
42 53 28 11
43 53 28 11
44 53 28 11
45 53 28 11
46 53 28 11
47 53 28 11
48 53 28 11
49 53 28 11
50 53 28 11
51 53 28 11
52 53 28 11
53 53 28 11
54 53 28 11
55 53 28 11
56 53 28 11
57 53 28 11
58 53 28 11
59 53 28 11
60 53 28 11
61 53 28 11
62 53 28 11
63 53 28 11
64 53 28 11
65 53 28 11
