0.0 5.23 46.49 16.75
1.0 2.93 48.79 16.57
2.0 1.36 45.89 14.81
3.0 3.55 43.64 16.27
4.0 7.71 47.09 15.65
5.0 4.68 50.65 17.56
6.0 6.02 53.48 18.73
7.0 8.98 57.97 17.86
8.0 13.08 60.38 16.53
9.0 10.86 60.10 15.86
10.0 9.12 59.08 16.77
11.0 9.30 56.60 17.87
12.0 5.10 60.95 18.35
13.0 6.49 60.43 17.84
14.0 10.72 59.80 18.51
15.0 5.90 62.03 17.29
16.0 2.71 58.83 15.92
17.0 4.87 58.04 14.97
18.0 5.77 58.19 13.77
19.0 9.84 59.08 12.31
20.0 13.28 61.19 10.90
21.0 11.12 57.83 12.69
22.0 14.31 58.31 13.65
23.0 10.17 59.02 14.79
24.0 11.71 56.00 13.54
25.0 14.57 53.15 15.24
26.0 15.27 56.41 16.57
27.0 10.89 55.09 17.34
28.0 10.97 58.17 18.66
29.0 12.72 56.98 18.10
30.0 12.27 55.59 19.27
31.0 13.69 53.20 19.28
32.0 15.64 54.26 17.46
33.0 13.53 58.23 19.41
34.0 16.81 61.84 18.92
35.0 19.12 66.26 19.13
36.0 16.12 63.86 17.15
37.0 16.49 59.97 17.03
38.0 11.97 57.42 16.28
39.0 8.46 54.36 16.81
40.0 10.61 55.72 15.81
41.0 14.22 53.29 15.19
42.0 18.47 55.19 16.81
43.0 19.41 50.87 17.10
44.0 19.08 53.22 16.18
45.0 17.48 51.09 15.55
46.0 15.41 46.98 16.71
47.0 10.69 44.40 17.70
48.0 13.33 47.83 16.19
49.0 11.52 48.63 14.53
50.0 13.02 46.70 14.18
51.0 10.45 41.85 15.94
52.0 9.47 40.69 15.40
53.0 9.66 42.25 16.77
54.0 8.71 46.90 18.30
55.0 9.38 49.38 17.67
56.0 8.22 47.83 18.39
57.0 12.23 46.63 17.65
58.0 12.94 45.70 19.52
59.0 14.07 44.28 18.43
60.0 14.49 43.74 17.47
