0 42 37 3
1 42 37 3
2 42 37 3
3 42 37 3
4 42 37 3
5 42 37 3
6 42 37 3
7 42 37 3
8 42 37 3
9 42 37 3
10 42 37 3
11 42 37 3
12 42 37 3
13 42 37 3
14 42 37 3
15 42 37 3
16 42 37 3
17 42 37 3
18 42 37 3
19 42 37 3
20 42 37 3
21 42 37 3
22 42 37 3
23 42 37 3
24 42 37 3
25 42 37 3
26 42 37 3
27 42 37 3
28 42 37 3
29 42 37 3
30 42 37 3
31 42 37 3
32 42 37 3
33 42 37 3
34 42 37 3
35 42 37 3
36 42 37 3
37 42 37 3
38 42 37 3
39 42 37 3
40 42 37 3
41 42 37 3
42 42 37 3
43 42 37 3
44 42 37 3
45 42 37 3
46 42 37 3
47 42 37 3
48 42 37 3
49 42 37 3
50 42 37 3
51 42 37 3
52 42 37 3
53 42 37 3
54 42 37 3
55 42 37 3
56 42 37 3
57 42 37 3
58 42 37 3
59 42 37 3
60 42 37 3
61 42 37 3
62 42 37 3
63 42 37 3
64 42 37 3
65 42 37 3
