0 39 35 78
1 39 35 78
2 39 35 78
3 39 35 78
4 39 35 78
5 39 35 78
6 39 35 78
7 39 35 78
8 39 35 78
9 39 35 78
10 39 35 78
11 39 35 78
12 39 35 78
13 39 35 78
14 39 35 78
15 39 35 78
16 39 35 78
17 39 35 78
18 39 35 78
19 39 35 78
20 39 35 78
21 39 35 78
22 39 35 78
23 39 35 78
24 39 35 78
25 39 35 78
26 39 35 78
27 39 35 78
28 39 35 78
29 39 35 78
30 39 35 78
31 39 35 78
32 39 35 78
33 39 35 78
34 39 35 78
35 39 35 78
36 39 35 78
37 39 35 78
38 39 35 78
39 39 35 78
40 39 35 78
41 39 35 78
42 39 35 78
43 39 35 78
44 39 35 78
45 39 35 78
46 39 35 78
47 39 35 78
48 39 35 78
49 39 35 78
50 39 35 78
51 39 35 78
52 39 35 78
53 39 35 78
54 39 35 78
55 39 35 78
56 39 35 78
57 39 35 78
58 39 35 78
59 39 35 78
60 39 35 78
61 39 35 78
62 39 35 78
63 39 35 78
64 39 35 78
65 39 35 78
