0 22 30 67
1 22 30 67
2 22 30 67
3 22 30 67
4 22 30 67
5 22 30 67
6 22 30 67
7 22 30 67
8 22 30 67
9 22 30 67
10 22 30 67
11 22 30 67
12 22 30 67
13 22 30 67
14 22 30 67
15 22 30 67
16 22 30 67
17 22 30 67
18 22 30 67
19 22 30 67
20 22 30 67
21 22 30 67
22 22 30 67
23 22 30 67
24 22 30 67
25 22 30 67
26 22 30 67
27 22 30 67
28 22 30 67
29 22 30 67
30 22 30 67
31 22 30 67
32 22 30 67
33 22 30 67
34 22 30 67
35 22 30 67
36 22 30 67
37 22 30 67
38 22 30 67
39 22 30 67
40 22 30 67
41 22 30 67
42 22 30 67
43 22 30 67
44 22 30 67
45 22 30 67
46 22 30 67
47 22 30 67
48 22 30 67
49 22 30 67
50 22 30 67
51 22 30 67
52 22 30 67
53 22 30 67
54 22 30 67
55 22 30 67
56 22 30 67
57 22 30 67
58 22 30 67
59 22 30 67
60 22 30 67
61 22 30 67
62 22 30 67
63 22 30 67
64 22 30 67
65 22 30 67
