0 38 10 8
1 38 10 8
2 38 10 8
3 38 10 8
4 38 10 8
5 38 10 8
6 38 10 8
7 38 10 8
8 38 10 8
9 38 10 8
10 38 10 8
11 38 10 8
12 38 10 8
13 38 10 8
14 38 10 8
15 38 10 8
16 38 10 8
17 38 10 8
18 38 10 8
19 38 10 8
20 38 10 8
21 38 10 8
22 38 10 8
23 38 10 8
24 38 10 8
25 38 10 8
26 38 10 8
27 38 10 8
28 38 10 8
29 38 10 8
30 38 10 8
31 38 10 8
32 38 10 8
33 38 10 8
34 38 10 8
35 38 10 8
36 38 10 8
37 38 10 8
38 38 10 8
39 38 10 8
40 38 10 8
41 38 10 8
42 38 10 8
43 38 10 8
44 38 10 8
45 38 10 8
46 38 10 8
47 38 10 8
48 38 10 8
49 38 10 8
50 38 10 8
51 38 10 8
52 38 10 8
53 38 10 8
54 38 10 8
55 38 10 8
56 38 10 8
57 38 10 8
58 38 10 8
59 38 10 8
60 38 10 8
61 38 10 8
62 38 10 8
63 38 10 8
64 38 10 8
65 38 10 8
