0 26 32 68
1 26 32 68
2 26 32 68
3 26 32 68
4 26 32 68
5 26 32 68
6 26 32 68
7 26 32 68
8 26 32 68
9 26 32 68
10 26 32 68
11 26 32 68
12 26 32 68
13 26 32 68
14 26 32 68
15 26 32 68
16 26 32 68
17 26 32 68
18 26 32 68
19 26 32 68
20 26 32 68
21 26 32 68
22 26 32 68
23 26 32 68
24 26 32 68
25 26 32 68
26 26 32 68
27 26 32 68
28 26 32 68
29 26 32 68
30 26 32 68
31 26 32 68
32 26 32 68
33 26 32 68
34 26 32 68
35 26 32 68
36 26 32 68
37 26 32 68
38 26 32 68
39 26 32 68
40 26 32 68
41 26 32 68
42 26 32 68
43 26 32 68
44 26 32 68
45 26 32 68
46 26 32 68
47 26 32 68
48 26 32 68
49 26 32 68
50 26 32 68
51 26 32 68
52 26 32 68
53 26 32 68
54 26 32 68
55 26 32 68
56 26 32 68
57 26 32 68
58 26 32 68
59 26 32 68
60 26 32 68
61 26 32 68
62 26 32 68
63 26 32 68
64 26 32 68
65 26 32 68
