0 26 20 56
1 26 20 56
2 26 20 56
3 26 20 56
4 26 20 56
5 26 20 56
6 26 20 56
7 26 20 56
8 26 20 56
9 26 20 56
10 26 20 56
11 26 20 56
12 26 20 56
13 26 20 56
14 26 20 56
15 26 20 56
16 26 20 56
17 26 20 56
18 26 20 56
19 26 20 56
20 26 20 56
21 26 20 56
22 26 20 56
23 26 20 56
24 26 20 56
25 26 20 56
26 26 20 56
27 26 20 56
28 26 20 56
29 26 20 56
30 26 20 56
31 26 20 56
32 26 20 56
33 26 20 56
34 26 20 56
35 26 20 56
36 26 20 56
37 26 20 56
38 26 20 56
39 26 20 56
40 26 20 56
41 26 20 56
42 26 20 56
43 26 20 56
44 26 20 56
45 26 20 56
46 26 20 56
47 26 20 56
48 26 20 56
49 26 20 56
50 26 20 56
51 26 20 56
52 26 20 56
53 26 20 56
54 26 20 56
55 26 20 56
56 26 20 56
57 26 20 56
58 26 20 56
59 26 20 56
60 26 20 56
61 26 20 56
62 26 20 56
63 26 20 56
64 26 20 56
65 26 20 56
