0.0 7.80 66.32 4.82
1.0 7.87 65.62 3.51
2.0 4.54 60.63 2.53
3.0 6.80 58.79 0.63
4.0 5.38 56.67 0.00
5.0 5.79 60.87 0.00
6.0 9.45 61.89 2.00
7.0 9.29 64.91 2.88
8.0 7.10 62.48 2.37
9.0 8.41 64.20 2.86
10.0 5.24 62.72 4.18
11.0 7.67 58.39 4.52
12.0 3.16 59.88 3.05
13.0 0.00 57.99 2.52
14.0 0.00 62.07 3.52
15.0 3.08 65.10 2.06
16.0 3.64 60.41 0.25
17.0 0.45 60.52 0.00
18.0 3.78 56.69 1.56
19.0 3.94 54.62 2.08
20.0 1.34 56.10 2.26
21.0 2.08 53.19 1.11
22.0 3.59 57.01 0.00
23.0 6.88 54.20 1.62
24.0 9.06 57.61 0.79
25.0 13.19 56.18 1.74
26.0 14.72 58.16 0.76
27.0 15.18 57.28 2.36
28.0 13.61 58.82 3.55
29.0 15.40 59.80 3.35
30.0 19.00 60.93 4.07
31.0 22.98 57.65 2.98
32.0 21.69 55.36 3.35
33.0 22.93 51.25 3.18
34.0 20.31 55.41 3.72
35.0 22.51 52.72 5.51
36.0 25.72 57.38 4.29
37.0 24.46 57.15 5.33
38.0 26.93 54.60 4.81
39.0 22.45 58.47 5.10
40.0 21.19 56.47 4.16
41.0 22.11 60.03 3.11
42.0 20.21 58.18 2.80
43.0 23.83 59.84 2.17
44.0 25.08 62.61 0.61
45.0 21.29 66.99 0.00
46.0 24.79 70.54 0.00
47.0 21.11 66.17 0.00
48.0 19.06 69.48 0.58
49.0 16.11 74.01 1.08
50.0 14.68 73.46 2.52
51.0 13.88 70.18 3.75
52.0 17.90 73.96 2.13
53.0 20.12 77.95 1.39
54.0 17.51 76.79 0.97
55.0 21.01 80.93 1.23
56.0 23.87 82.65 0.00
57.0 23.17 81.90 0.02
58.0 18.64 81.94 1.19
59.0 21.29 82.29 0.00
60.0 23.08 86.68 1.91
