0 35 23 39
1 35 23 39
2 35 23 39
3 35 23 39
4 35 23 39
5 35 23 39
6 35 23 39
7 35 23 39
8 35 23 39
9 35 23 39
10 35 23 39
11 35 23 39
12 35 23 39
13 35 23 39
14 35 23 39
15 35 23 39
16 35 23 39
17 35 23 39
18 35 23 39
19 35 23 39
20 35 23 39
21 35 23 39
22 35 23 39
23 35 23 39
24 35 23 39
25 35 23 39
26 35 23 39
27 35 23 39
28 35 23 39
29 35 23 39
30 35 23 39
31 35 23 39
32 35 23 39
33 35 23 39
34 35 23 39
35 35 23 39
36 35 23 39
37 35 23 39
38 35 23 39
39 35 23 39
40 35 23 39
41 35 23 39
42 35 23 39
43 35 23 39
44 35 23 39
45 35 23 39
46 35 23 39
47 35 23 39
48 35 23 39
49 35 23 39
50 35 23 39
51 35 23 39
52 35 23 39
53 35 23 39
54 35 23 39
55 35 23 39
56 35 23 39
57 35 23 39
58 35 23 39
59 35 23 39
60 35 23 39
61 35 23 39
62 35 23 39
63 35 23 39
64 35 23 39
65 35 23 39
