0 33 22 95
1 33 22 95
2 33 22 95
3 33 22 95
4 33 22 95
5 33 22 95
6 33 22 95
7 33 22 95
8 33 22 95
9 33 22 95
10 33 22 95
11 33 22 95
12 33 22 95
13 33 22 95
14 33 22 95
15 33 22 95
16 33 22 95
17 33 22 95
18 33 22 95
19 33 22 95
20 33 22 95
21 33 22 95
22 33 22 95
23 33 22 95
24 33 22 95
25 33 22 95
26 33 22 95
27 33 22 95
28 33 22 95
29 33 22 95
30 33 22 95
31 33 22 95
32 33 22 95
33 33 22 95
34 33 22 95
35 33 22 95
36 33 22 95
37 33 22 95
38 33 22 95
39 33 22 95
40 33 22 95
41 33 22 95
42 33 22 95
43 33 22 95
44 33 22 95
45 33 22 95
46 33 22 95
47 33 22 95
48 33 22 95
49 33 22 95
50 33 22 95
51 33 22 95
52 33 22 95
53 33 22 95
54 33 22 95
55 33 22 95
56 33 22 95
57 33 22 95
58 33 22 95
59 33 22 95
60 33 22 95
61 33 22 95
62 33 22 95
63 33 22 95
64 33 22 95
65 33 22 95
