0 18 21 61
1 18 21 61
2 18 21 61
3 18 21 61
4 18 21 61
5 18 21 61
6 18 21 61
7 18 21 61
8 18 21 61
9 18 21 61
10 18 21 61
11 18 21 61
12 18 21 61
13 18 21 61
14 18 21 61
15 18 21 61
16 18 21 61
17 18 21 61
18 18 21 61
19 18 21 61
20 18 21 61
21 18 21 61
22 18 21 61
23 18 21 61
24 18 21 61
25 18 21 61
26 18 21 61
27 18 21 61
28 18 21 61
29 18 21 61
30 18 21 61
31 18 21 61
32 18 21 61
33 18 21 61
34 18 21 61
35 18 21 61
36 18 21 61
37 18 21 61
38 18 21 61
39 18 21 61
40 18 21 61
41 18 21 61
42 18 21 61
43 18 21 61
44 18 21 61
45 18 21 61
46 18 21 61
47 18 21 61
48 18 21 61
49 18 21 61
50 18 21 61
51 18 21 61
52 18 21 61
53 18 21 61
54 18 21 61
55 18 21 61
56 18 21 61
57 18 21 61
58 18 21 61
59 18 21 61
60 18 21 61
61 18 21 61
62 18 21 61
63 18 21 61
64 18 21 61
65 18 21 61
