0 24 34 56
1 24 34 56
2 24 34 56
3 24 34 56
4 24 34 56
5 24 34 56
6 24 34 56
7 24 34 56
8 24 34 56
9 24 34 56
10 24 34 56
11 24 34 56
12 24 34 56
13 24 34 56
14 24 34 56
15 24 34 56
16 24 34 56
17 24 34 56
18 24 34 56
19 24 34 56
20 24 34 56
21 24 34 56
22 24 34 56
23 24 34 56
24 24 34 56
25 24 34 56
26 24 34 56
27 24 34 56
28 24 34 56
29 24 34 56
30 24 34 56
31 24 34 56
32 24 34 56
33 24 34 56
34 24 34 56
35 24 34 56
36 24 34 56
37 24 34 56
38 24 34 56
39 24 34 56
40 24 34 56
41 24 34 56
42 24 34 56
43 24 34 56
44 24 34 56
45 24 34 56
46 24 34 56
47 24 34 56
48 24 34 56
49 24 34 56
50 24 34 56
51 24 34 56
52 24 34 56
53 24 34 56
54 24 34 56
55 24 34 56
56 24 34 56
57 24 34 56
58 24 34 56
59 24 34 56
60 24 34 56
61 24 34 56
62 24 34 56
63 24 34 56
64 24 34 56
65 24 34 56
