0 17 46 18
1 17 46 18
2 17 46 18
3 17 46 18
4 17 46 18
5 17 46 18
6 17 46 18
7 17 46 18
8 17 46 18
9 17 46 18
10 17 46 18
11 17 46 18
12 17 46 18
13 17 46 18
14 17 46 18
15 17 46 18
16 17 46 18
17 17 46 18
18 17 46 18
19 17 46 18
20 17 46 18
21 17 46 18
22 17 46 18
23 17 46 18
24 17 46 18
25 17 46 18
26 17 46 18
27 17 46 18
28 17 46 18
29 17 46 18
30 17 46 18
31 17 46 18
32 17 46 18
33 17 46 18
34 17 46 18
35 17 46 18
36 17 46 18
37 17 46 18
38 17 46 18
39 17 46 18
40 17 46 18
41 17 46 18
42 17 46 18
43 17 46 18
44 17 46 18
45 17 46 18
46 17 46 18
47 17 46 18
48 17 46 18
49 17 46 18
50 17 46 18
51 17 46 18
52 17 46 18
53 17 46 18
54 17 46 18
55 17 46 18
56 17 46 18
57 17 46 18
58 17 46 18
59 17 46 18
60 17 46 18
61 17 46 18
62 17 46 18
63 17 46 18
64 17 46 18
65 17 46 18
