0 7 32 8
1 7 32 8
2 7 32 8
3 7 32 8
4 7 32 8
5 7 32 8
6 7 32 8
7 7 32 8
8 7 32 8
9 7 32 8
10 7 32 8
11 7 32 8
12 7 32 8
13 7 32 8
14 7 32 8
15 7 32 8
16 7 32 8
17 7 32 8
18 7 32 8
19 7 32 8
20 7 32 8
21 7 32 8
22 7 32 8
23 7 32 8
24 7 32 8
25 7 32 8
26 7 32 8
27 7 32 8
28 7 32 8
29 7 32 8
30 7 32 8
31 7 32 8
32 7 32 8
33 7 32 8
34 7 32 8
35 7 32 8
36 7 32 8
37 7 32 8
38 7 32 8
39 7 32 8
40 7 32 8
41 7 32 8
42 7 32 8
43 7 32 8
44 7 32 8
45 7 32 8
46 7 32 8
47 7 32 8
48 7 32 8
49 7 32 8
50 7 32 8
51 7 32 8
52 7 32 8
53 7 32 8
54 7 32 8
55 7 32 8
56 7 32 8
57 7 32 8
58 7 32 8
59 7 32 8
60 7 32 8
61 7 32 8
62 7 32 8
63 7 32 8
64 7 32 8
65 7 32 8
