0 26 18 72
1 26 18 72
2 26 18 72
3 26 18 72
4 26 18 72
5 26 18 72
6 26 18 72
7 26 18 72
8 26 18 72
9 26 18 72
10 26 18 72
11 26 18 72
12 26 18 72
13 26 18 72
14 26 18 72
15 26 18 72
16 26 18 72
17 26 18 72
18 26 18 72
19 26 18 72
20 26 18 72
21 26 18 72
22 26 18 72
23 26 18 72
24 26 18 72
25 26 18 72
26 26 18 72
27 26 18 72
28 26 18 72
29 26 18 72
30 26 18 72
31 26 18 72
32 26 18 72
33 26 18 72
34 26 18 72
35 26 18 72
36 26 18 72
37 26 18 72
38 26 18 72
39 26 18 72
40 26 18 72
41 26 18 72
42 26 18 72
43 26 18 72
44 26 18 72
45 26 18 72
46 26 18 72
47 26 18 72
48 26 18 72
49 26 18 72
50 26 18 72
51 26 18 72
52 26 18 72
53 26 18 72
54 26 18 72
55 26 18 72
56 26 18 72
57 26 18 72
58 26 18 72
59 26 18 72
60 26 18 72
61 26 18 72
62 26 18 72
63 26 18 72
64 26 18 72
65 26 18 72
