0 31 33 50
1 31 33 50
2 31 33 50
3 31 33 50
4 31 33 50
5 31 33 50
6 31 33 50
7 31 33 50
8 31 33 50
9 31 33 50
10 31 33 50
11 31 33 50
12 31 33 50
13 31 33 50
14 31 33 50
15 31 33 50
16 31 33 50
17 31 33 50
18 31 33 50
19 31 33 50
20 31 33 50
21 31 33 50
22 31 33 50
23 31 33 50
24 31 33 50
25 31 33 50
26 31 33 50
27 31 33 50
28 31 33 50
29 31 33 50
30 31 33 50
31 31 33 50
32 31 33 50
33 31 33 50
34 31 33 50
35 31 33 50
36 31 33 50
37 31 33 50
38 31 33 50
39 31 33 50
40 31 33 50
41 31 33 50
42 31 33 50
43 31 33 50
44 31 33 50
45 31 33 50
46 31 33 50
47 31 33 50
48 31 33 50
49 31 33 50
50 31 33 50
51 31 33 50
52 31 33 50
53 31 33 50
54 31 33 50
55 31 33 50
56 31 33 50
57 31 33 50
58 31 33 50
59 31 33 50
60 31 33 50
61 31 33 50
62 31 33 50
63 31 33 50
64 31 33 50
65 31 33 50
