0 18 37 91
1 18 37 91
2 18 37 91
3 18 37 91
4 18 37 91
5 18 37 91
6 18 37 91
7 18 37 91
8 18 37 91
9 18 37 91
10 18 37 91
11 18 37 91
12 18 37 91
13 18 37 91
14 18 37 91
15 18 37 91
16 18 37 91
17 18 37 91
18 18 37 91
19 18 37 91
20 18 37 91
21 18 37 91
22 18 37 91
23 18 37 91
24 18 37 91
25 18 37 91
26 18 37 91
27 18 37 91
28 18 37 91
29 18 37 91
30 18 37 91
31 18 37 91
32 18 37 91
33 18 37 91
34 18 37 91
35 18 37 91
36 18 37 91
37 18 37 91
38 18 37 91
39 18 37 91
40 18 37 91
41 18 37 91
42 18 37 91
43 18 37 91
44 18 37 91
45 18 37 91
46 18 37 91
47 18 37 91
48 18 37 91
49 18 37 91
50 18 37 91
51 18 37 91
52 18 37 91
53 18 37 91
54 18 37 91
55 18 37 91
56 18 37 91
57 18 37 91
58 18 37 91
59 18 37 91
60 18 37 91
61 18 37 91
62 18 37 91
63 18 37 91
64 18 37 91
65 18 37 91
