0.0 96.48 57.49 18.15
1.0 98.58 58.27 19.71
2.0 97.04 56.43 18.37
3.0 93.55 61.18 18.66
4.0 96.80 65.80 18.08
5.0 97.37 68.44 16.65
6.0 94.47 70.71 14.81
7.0 93.61 70.82 16.04
8.0 90.96 69.26 14.73
9.0 93.34 66.32 13.28
10.0 96.71 66.24 11.47
11.0 91.89 62.72 12.94
12.0 90.84 62.69 13.09
13.0 94.02 61.07 11.33
14.0 92.85 61.18 11.02
15.0 97.12 63.38 11.94
16.0 96.79 64.56 10.73
17.0 94.04 62.40 11.25
18.0 90.94 61.77 9.68
19.0 90.36 57.21 8.79
20.0 91.02 53.62 8.04
21.0 94.44 51.84 9.14
22.0 96.14 54.26 7.98
23.0 100.00 53.45 8.33
24.0 99.36 57.20 9.61
25.0 100.00 55.17 10.74
26.0 100.00 55.39 9.21
27.0 95.27 57.38 9.76
28.0 90.42 56.87 11.48
29.0 91.87 58.65 12.48
30.0 87.29 59.03 10.90
31.0 85.67 54.72 9.13
32.0 84.64 52.37 7.68
33.0 83.36 54.34 7.37
34.0 83.91 56.55 6.20
35.0 81.93 54.58 8.12
36.0 82.96 57.87 6.95
37.0 84.66 53.78 7.28
38.0 84.96 56.33 8.46
39.0 89.15 54.47 10.08
40.0 85.34 54.74 11.02
41.0 88.84 50.31 11.55
42.0 91.17 51.16 10.23
43.0 91.12 46.64 8.28
44.0 93.12 47.00 9.51
45.0 98.03 42.47 7.89
46.0 94.40 45.78 9.64
47.0 91.67 50.57 10.76
48.0 87.11 53.00 10.91
49.0 91.23 57.11 9.51
50.0 93.12 54.93 9.35
51.0 94.52 50.23 9.55
52.0 92.00 55.03 8.09
53.0 92.69 57.38 7.48
54.0 96.31 59.77 7.78
55.0 99.86 60.89 9.47
56.0 100.00 65.79 10.23
57.0 95.97 62.20 10.79
58.0 98.85 65.99 11.42
59.0 97.06 66.02 12.32
60.0 100.00 69.39 12.94
