0 40 31 63
1 40 31 63
2 40 31 63
3 40 31 63
4 40 31 63
5 40 31 63
6 40 31 63
7 40 31 63
8 40 31 63
9 40 31 63
10 40 31 63
11 40 31 63
12 40 31 63
13 40 31 63
14 40 31 63
15 40 31 63
16 40 31 63
17 40 31 63
18 40 31 63
19 40 31 63
20 40 31 63
21 40 31 63
22 40 31 63
23 40 31 63
24 40 31 63
25 40 31 63
26 40 31 63
27 40 31 63
28 40 31 63
29 40 31 63
30 40 31 63
31 40 31 63
32 40 31 63
33 40 31 63
34 40 31 63
35 40 31 63
36 40 31 63
37 40 31 63
38 40 31 63
39 40 31 63
40 40 31 63
41 40 31 63
42 40 31 63
43 40 31 63
44 40 31 63
45 40 31 63
46 40 31 63
47 40 31 63
48 40 31 63
49 40 31 63
50 40 31 63
51 40 31 63
52 40 31 63
53 40 31 63
54 40 31 63
55 40 31 63
56 40 31 63
57 40 31 63
58 40 31 63
59 40 31 63
60 40 31 63
61 40 31 63
62 40 31 63
63 40 31 63
64 40 31 63
65 40 31 63
