0 21 17 31
1 21 17 31
2 21 17 31
3 21 17 31
4 21 17 31
5 21 17 31
6 21 17 31
7 21 17 31
8 21 17 31
9 21 17 31
10 21 17 31
11 21 17 31
12 21 17 31
13 21 17 31
14 21 17 31
15 21 17 31
16 21 17 31
17 21 17 31
18 21 17 31
19 21 17 31
20 21 17 31
21 21 17 31
22 21 17 31
23 21 17 31
24 21 17 31
25 21 17 31
26 21 17 31
27 21 17 31
28 21 17 31
29 21 17 31
30 21 17 31
31 21 17 31
32 21 17 31
33 21 17 31
34 21 17 31
35 21 17 31
36 21 17 31
37 21 17 31
38 21 17 31
39 21 17 31
40 21 17 31
41 21 17 31
42 21 17 31
43 21 17 31
44 21 17 31
45 21 17 31
46 21 17 31
47 21 17 31
48 21 17 31
49 21 17 31
50 21 17 31
51 21 17 31
52 21 17 31
53 21 17 31
54 21 17 31
55 21 17 31
56 21 17 31
57 21 17 31
58 21 17 31
59 21 17 31
60 21 17 31
61 21 17 31
62 21 17 31
63 21 17 31
64 21 17 31
65 21 17 31
