0 33 24 50
1 33 24 50
2 33 24 50
3 33 24 50
4 33 24 50
5 33 24 50
6 33 24 50
7 33 24 50
8 33 24 50
9 33 24 50
10 33 24 50
11 33 24 50
12 33 24 50
13 33 24 50
14 33 24 50
15 33 24 50
16 33 24 50
17 33 24 50
18 33 24 50
19 33 24 50
20 33 24 50
21 33 24 50
22 33 24 50
23 33 24 50
24 33 24 50
25 33 24 50
26 33 24 50
27 33 24 50
28 33 24 50
29 33 24 50
30 33 24 50
31 33 24 50
32 33 24 50
33 33 24 50
34 33 24 50
35 33 24 50
36 33 24 50
37 33 24 50
38 33 24 50
39 33 24 50
40 33 24 50
41 33 24 50
42 33 24 50
43 33 24 50
44 33 24 50
45 33 24 50
46 33 24 50
47 33 24 50
48 33 24 50
49 33 24 50
50 33 24 50
51 33 24 50
52 33 24 50
53 33 24 50
54 33 24 50
55 33 24 50
56 33 24 50
57 33 24 50
58 33 24 50
59 33 24 50
60 33 24 50
61 33 24 50
62 33 24 50
63 33 24 50
64 33 24 50
65 33 24 50
