0 32 32 54
1 32 32 54
2 32 32 54
3 32 32 54
4 32 32 54
5 32 32 54
6 32 32 54
7 32 32 54
8 32 32 54
9 32 32 54
10 32 32 54
11 32 32 54
12 32 32 54
13 32 32 54
14 32 32 54
15 32 32 54
16 32 32 54
17 32 32 54
18 32 32 54
19 32 32 54
20 32 32 54
21 32 32 54
22 32 32 54
23 32 32 54
24 32 32 54
25 32 32 54
26 32 32 54
27 32 32 54
28 32 32 54
29 32 32 54
30 32 32 54
31 32 32 54
32 32 32 54
33 32 32 54
34 32 32 54
35 32 32 54
36 32 32 54
37 32 32 54
38 32 32 54
39 32 32 54
40 32 32 54
41 32 32 54
42 32 32 54
43 32 32 54
44 32 32 54
45 32 32 54
46 32 32 54
47 32 32 54
48 32 32 54
49 32 32 54
50 32 32 54
51 32 32 54
52 32 32 54
53 32 32 54
54 32 32 54
55 32 32 54
56 32 32 54
57 32 32 54
58 32 32 54
59 32 32 54
60 32 32 54
61 32 32 54
62 32 32 54
63 32 32 54
64 32 32 54
65 32 32 54
