0 28 20 95
1 28 20 95
2 28 20 95
3 28 20 95
4 28 20 95
5 28 20 95
6 28 20 95
7 28 20 95
8 28 20 95
9 28 20 95
10 28 20 95
11 28 20 95
12 28 20 95
13 28 20 95
14 28 20 95
15 28 20 95
16 28 20 95
17 28 20 95
18 28 20 95
19 28 20 95
20 28 20 95
21 28 20 95
22 28 20 95
23 28 20 95
24 28 20 95
25 28 20 95
26 28 20 95
27 28 20 95
28 28 20 95
29 28 20 95
30 28 20 95
31 28 20 95
32 28 20 95
33 28 20 95
34 28 20 95
35 28 20 95
36 28 20 95
37 28 20 95
38 28 20 95
39 28 20 95
40 28 20 95
41 28 20 95
42 28 20 95
43 28 20 95
44 28 20 95
45 28 20 95
46 28 20 95
47 28 20 95
48 28 20 95
49 28 20 95
50 28 20 95
51 28 20 95
52 28 20 95
53 28 20 95
54 28 20 95
55 28 20 95
56 28 20 95
57 28 20 95
58 28 20 95
59 28 20 95
60 28 20 95
61 28 20 95
62 28 20 95
63 28 20 95
64 28 20 95
65 28 20 95
