0 14 14 31
1 14 14 31
2 14 14 31
3 14 14 31
4 14 14 31
5 14 14 31
6 14 14 31
7 14 14 31
8 14 14 31
9 14 14 31
10 14 14 31
11 14 14 31
12 14 14 31
13 14 14 31
14 14 14 31
15 14 14 31
16 14 14 31
17 14 14 31
18 14 14 31
19 14 14 31
20 14 14 31
21 14 14 31
22 14 14 31
23 14 14 31
24 14 14 31
25 14 14 31
26 14 14 31
27 14 14 31
28 14 14 31
29 14 14 31
30 14 14 31
31 14 14 31
32 14 14 31
33 14 14 31
34 14 14 31
35 14 14 31
36 14 14 31
37 14 14 31
38 14 14 31
39 14 14 31
40 14 14 31
41 14 14 31
42 14 14 31
43 14 14 31
44 14 14 31
45 14 14 31
46 14 14 31
47 14 14 31
48 14 14 31
49 14 14 31
50 14 14 31
51 14 14 31
52 14 14 31
53 14 14 31
54 14 14 31
55 14 14 31
56 14 14 31
57 14 14 31
58 14 14 31
59 14 14 31
60 14 14 31
61 14 14 31
62 14 14 31
63 14 14 31
64 14 14 31
65 14 14 31
