0 42 36 31
1 42 36 31
2 42 36 31
3 42 36 31
4 42 36 31
5 42 36 31
6 42 36 31
7 42 36 31
8 42 36 31
9 42 36 31
10 42 36 31
11 42 36 31
12 42 36 31
13 42 36 31
14 42 36 31
15 42 36 31
16 42 36 31
17 42 36 31
18 42 36 31
19 42 36 31
20 42 36 31
21 42 36 31
22 42 36 31
23 42 36 31
24 42 36 31
25 42 36 31
26 42 36 31
27 42 36 31
28 42 36 31
29 42 36 31
30 42 36 31
31 42 36 31
32 42 36 31
33 42 36 31
34 42 36 31
35 42 36 31
36 42 36 31
37 42 36 31
38 42 36 31
39 42 36 31
40 42 36 31
41 42 36 31
42 42 36 31
43 42 36 31
44 42 36 31
45 42 36 31
46 42 36 31
47 42 36 31
48 42 36 31
49 42 36 31
50 42 36 31
51 42 36 31
52 42 36 31
53 42 36 31
54 42 36 31
55 42 36 31
56 42 36 31
57 42 36 31
58 42 36 31
59 42 36 31
60 42 36 31
61 42 36 31
62 42 36 31
63 42 36 31
64 42 36 31
65 42 36 31
