0 23 29 96
1 23 29 96
2 23 29 96
3 23 29 96
4 23 29 96
5 23 29 96
6 23 29 96
7 23 29 96
8 23 29 96
9 23 29 96
10 23 29 96
11 23 29 96
12 23 29 96
13 23 29 96
14 23 29 96
15 23 29 96
16 23 29 96
17 23 29 96
18 23 29 96
19 23 29 96
20 23 29 96
21 23 29 96
22 23 29 96
23 23 29 96
24 23 29 96
25 23 29 96
26 23 29 96
27 23 29 96
28 23 29 96
29 23 29 96
30 23 29 96
31 23 29 96
32 23 29 96
33 23 29 96
34 23 29 96
35 23 29 96
36 23 29 96
37 23 29 96
38 23 29 96
39 23 29 96
40 23 29 96
41 23 29 96
42 23 29 96
43 23 29 96
44 23 29 96
45 23 29 96
46 23 29 96
47 23 29 96
48 23 29 96
49 23 29 96
50 23 29 96
51 23 29 96
52 23 29 96
53 23 29 96
54 23 29 96
55 23 29 96
56 23 29 96
57 23 29 96
58 23 29 96
59 23 29 96
60 23 29 96
61 23 29 96
62 23 29 96
63 23 29 96
64 23 29 96
65 23 29 96
