0 23 47 25
1 23 47 25
2 23 47 25
3 23 47 25
4 23 47 25
5 23 47 25
6 23 47 25
7 23 47 25
8 23 47 25
9 23 47 25
10 23 47 25
11 23 47 25
12 23 47 25
13 23 47 25
14 23 47 25
15 23 47 25
16 23 47 25
17 23 47 25
18 23 47 25
19 23 47 25
20 23 47 25
21 23 47 25
22 23 47 25
23 23 47 25
24 23 47 25
25 23 47 25
26 23 47 25
27 23 47 25
28 23 47 25
29 23 47 25
30 23 47 25
31 23 47 25
32 23 47 25
33 23 47 25
34 23 47 25
35 23 47 25
36 23 47 25
37 23 47 25
38 23 47 25
39 23 47 25
40 23 47 25
41 23 47 25
42 23 47 25
43 23 47 25
44 23 47 25
45 23 47 25
46 23 47 25
47 23 47 25
48 23 47 25
49 23 47 25
50 23 47 25
51 23 47 25
52 23 47 25
53 23 47 25
54 23 47 25
55 23 47 25
56 23 47 25
57 23 47 25
58 23 47 25
59 23 47 25
60 23 47 25
61 23 47 25
62 23 47 25
63 23 47 25
64 23 47 25
65 23 47 25
