0 38 21 31
1 38 21 31
2 38 21 31
3 38 21 31
4 38 21 31
5 38 21 31
6 38 21 31
7 38 21 31
8 38 21 31
9 38 21 31
10 38 21 31
11 38 21 31
12 38 21 31
13 38 21 31
14 38 21 31
15 38 21 31
16 38 21 31
17 38 21 31
18 38 21 31
19 38 21 31
20 38 21 31
21 38 21 31
22 38 21 31
23 38 21 31
24 38 21 31
25 38 21 31
26 38 21 31
27 38 21 31
28 38 21 31
29 38 21 31
30 38 21 31
31 38 21 31
32 38 21 31
33 38 21 31
34 38 21 31
35 38 21 31
36 38 21 31
37 38 21 31
38 38 21 31
39 38 21 31
40 38 21 31
41 38 21 31
42 38 21 31
43 38 21 31
44 38 21 31
45 38 21 31
46 38 21 31
47 38 21 31
48 38 21 31
49 38 21 31
50 38 21 31
51 38 21 31
52 38 21 31
53 38 21 31
54 38 21 31
55 38 21 31
56 38 21 31
57 38 21 31
58 38 21 31
59 38 21 31
60 38 21 31
61 38 21 31
62 38 21 31
63 38 21 31
64 38 21 31
65 38 21 31
