0 3 28 11
1 3 28 11
2 3 28 11
3 3 28 11
4 3 28 11
5 3 28 11
6 3 28 11
7 3 28 11
8 3 28 11
9 3 28 11
10 3 28 11
11 3 28 11
12 3 28 11
13 3 28 11
14 3 28 11
15 3 28 11
16 3 28 11
17 3 28 11
18 3 28 11
19 3 28 11
20 3 28 11
21 3 28 11
22 3 28 11
23 3 28 11
24 3 28 11
25 3 28 11
26 3 28 11
27 3 28 11
28 3 28 11
29 3 28 11
30 3 28 11
31 3 28 11
32 3 28 11
33 3 28 11
34 3 28 11
35 3 28 11
36 3 28 11
37 3 28 11
38 3 28 11
39 3 28 11
40 3 28 11
41 3 28 11
42 3 28 11
43 3 28 11
44 3 28 11
45 3 28 11
46 3 28 11
47 3 28 11
48 3 28 11
49 3 28 11
50 3 28 11
51 3 28 11
52 3 28 11
53 3 28 11
54 3 28 11
55 3 28 11
56 3 28 11
57 3 28 11
58 3 28 11
59 3 28 11
60 3 28 11
61 3 28 11
62 3 28 11
63 3 28 11
64 3 28 11
65 3 28 11
