0 25 18 35
1 25 18 35
2 25 18 35
3 25 18 35
4 25 18 35
5 25 18 35
6 25 18 35
7 25 18 35
8 25 18 35
9 25 18 35
10 25 18 35
11 25 18 35
12 25 18 35
13 25 18 35
14 25 18 35
15 25 18 35
16 25 18 35
17 25 18 35
18 25 18 35
19 25 18 35
20 25 18 35
21 25 18 35
22 25 18 35
23 25 18 35
24 25 18 35
25 25 18 35
26 25 18 35
27 25 18 35
28 25 18 35
29 25 18 35
30 25 18 35
31 25 18 35
32 25 18 35
33 25 18 35
34 25 18 35
35 25 18 35
36 25 18 35
37 25 18 35
38 25 18 35
39 25 18 35
40 25 18 35
41 25 18 35
42 25 18 35
43 25 18 35
44 25 18 35
45 25 18 35
46 25 18 35
47 25 18 35
48 25 18 35
49 25 18 35
50 25 18 35
51 25 18 35
52 25 18 35
53 25 18 35
54 25 18 35
55 25 18 35
56 25 18 35
57 25 18 35
58 25 18 35
59 25 18 35
60 25 18 35
61 25 18 35
62 25 18 35
63 25 18 35
64 25 18 35
65 25 18 35
