0 17 45 8
1 17 45 8
2 17 45 8
3 17 45 8
4 17 45 8
5 17 45 8
6 17 45 8
7 17 45 8
8 17 45 8
9 17 45 8
10 17 45 8
11 17 45 8
12 17 45 8
13 17 45 8
14 17 45 8
15 17 45 8
16 17 45 8
17 17 45 8
18 17 45 8
19 17 45 8
20 17 45 8
21 17 45 8
22 17 45 8
23 17 45 8
24 17 45 8
25 17 45 8
26 17 45 8
27 17 45 8
28 17 45 8
29 17 45 8
30 17 45 8
31 17 45 8
32 17 45 8
33 17 45 8
34 17 45 8
35 17 45 8
36 17 45 8
37 17 45 8
38 17 45 8
39 17 45 8
40 17 45 8
41 17 45 8
42 17 45 8
43 17 45 8
44 17 45 8
45 17 45 8
46 17 45 8
47 17 45 8
48 17 45 8
49 17 45 8
50 17 45 8
51 17 45 8
52 17 45 8
53 17 45 8
54 17 45 8
55 17 45 8
56 17 45 8
57 17 45 8
58 17 45 8
59 17 45 8
60 17 45 8
61 17 45 8
62 17 45 8
63 17 45 8
64 17 45 8
65 17 45 8
