0 13 42 7
1 13 42 7
2 13 42 7
3 13 42 7
4 13 42 7
5 13 42 7
6 13 42 7
7 13 42 7
8 13 42 7
9 13 42 7
10 13 42 7
11 13 42 7
12 13 42 7
13 13 42 7
14 13 42 7
15 13 42 7
16 13 42 7
17 13 42 7
18 13 42 7
19 13 42 7
20 13 42 7
21 13 42 7
22 13 42 7
23 13 42 7
24 13 42 7
25 13 42 7
26 13 42 7
27 13 42 7
28 13 42 7
29 13 42 7
30 13 42 7
31 13 42 7
32 13 42 7
33 13 42 7
34 13 42 7
35 13 42 7
36 13 42 7
37 13 42 7
38 13 42 7
39 13 42 7
40 13 42 7
41 13 42 7
42 13 42 7
43 13 42 7
44 13 42 7
45 13 42 7
46 13 42 7
47 13 42 7
48 13 42 7
49 13 42 7
50 13 42 7
51 13 42 7
52 13 42 7
53 13 42 7
54 13 42 7
55 13 42 7
56 13 42 7
57 13 42 7
58 13 42 7
59 13 42 7
60 13 42 7
61 13 42 7
62 13 42 7
63 13 42 7
64 13 42 7
65 13 42 7
