0 33 30 67
1 33 30 67
2 33 30 67
3 33 30 67
4 33 30 67
5 33 30 67
6 33 30 67
7 33 30 67
8 33 30 67
9 33 30 67
10 33 30 67
11 33 30 67
12 33 30 67
13 33 30 67
14 33 30 67
15 33 30 67
16 33 30 67
17 33 30 67
18 33 30 67
19 33 30 67
20 33 30 67
21 33 30 67
22 33 30 67
23 33 30 67
24 33 30 67
25 33 30 67
26 33 30 67
27 33 30 67
28 33 30 67
29 33 30 67
30 33 30 67
31 33 30 67
32 33 30 67
33 33 30 67
34 33 30 67
35 33 30 67
36 33 30 67
37 33 30 67
38 33 30 67
39 33 30 67
40 33 30 67
41 33 30 67
42 33 30 67
43 33 30 67
44 33 30 67
45 33 30 67
46 33 30 67
47 33 30 67
48 33 30 67
49 33 30 67
50 33 30 67
51 33 30 67
52 33 30 67
53 33 30 67
54 33 30 67
55 33 30 67
56 33 30 67
57 33 30 67
58 33 30 67
59 33 30 67
60 33 30 67
61 33 30 67
62 33 30 67
63 33 30 67
64 33 30 67
65 33 30 67
