0 37 29 94
1 37 29 94
2 37 29 94
3 37 29 94
4 37 29 94
5 37 29 94
6 37 29 94
7 37 29 94
8 37 29 94
9 37 29 94
10 37 29 94
11 37 29 94
12 37 29 94
13 37 29 94
14 37 29 94
15 37 29 94
16 37 29 94
17 37 29 94
18 37 29 94
19 37 29 94
20 37 29 94
21 37 29 94
22 37 29 94
23 37 29 94
24 37 29 94
25 37 29 94
26 37 29 94
27 37 29 94
28 37 29 94
29 37 29 94
30 37 29 94
31 37 29 94
32 37 29 94
33 37 29 94
34 37 29 94
35 37 29 94
36 37 29 94
37 37 29 94
38 37 29 94
39 37 29 94
40 37 29 94
41 37 29 94
42 37 29 94
43 37 29 94
44 37 29 94
45 37 29 94
46 37 29 94
47 37 29 94
48 37 29 94
49 37 29 94
50 37 29 94
51 37 29 94
52 37 29 94
53 37 29 94
54 37 29 94
55 37 29 94
56 37 29 94
57 37 29 94
58 37 29 94
59 37 29 94
60 37 29 94
61 37 29 94
62 37 29 94
63 37 29 94
64 37 29 94
65 37 29 94
