0 46 38 18
1 46 38 18
2 46 38 18
3 46 38 18
4 46 38 18
5 46 38 18
6 46 38 18
7 46 38 18
8 46 38 18
9 46 38 18
10 46 38 18
11 46 38 18
12 46 38 18
13 46 38 18
14 46 38 18
15 46 38 18
16 46 38 18
17 46 38 18
18 46 38 18
19 46 38 18
20 46 38 18
21 46 38 18
22 46 38 18
23 46 38 18
24 46 38 18
25 46 38 18
26 46 38 18
27 46 38 18
28 46 38 18
29 46 38 18
30 46 38 18
31 46 38 18
32 46 38 18
33 46 38 18
34 46 38 18
35 46 38 18
36 46 38 18
37 46 38 18
38 46 38 18
39 46 38 18
40 46 38 18
41 46 38 18
42 46 38 18
43 46 38 18
44 46 38 18
45 46 38 18
46 46 38 18
47 46 38 18
48 46 38 18
49 46 38 18
50 46 38 18
51 46 38 18
52 46 38 18
53 46 38 18
54 46 38 18
55 46 38 18
56 46 38 18
57 46 38 18
58 46 38 18
59 46 38 18
60 46 38 18
61 46 38 18
62 46 38 18
63 46 38 18
64 46 38 18
65 46 38 18
