0 33 18 67
1 33 18 67
2 33 18 67
3 33 18 67
4 33 18 67
5 33 18 67
6 33 18 67
7 33 18 67
8 33 18 67
9 33 18 67
10 33 18 67
11 33 18 67
12 33 18 67
13 33 18 67
14 33 18 67
15 33 18 67
16 33 18 67
17 33 18 67
18 33 18 67
19 33 18 67
20 33 18 67
21 33 18 67
22 33 18 67
23 33 18 67
24 33 18 67
25 33 18 67
26 33 18 67
27 33 18 67
28 33 18 67
29 33 18 67
30 33 18 67
31 33 18 67
32 33 18 67
33 33 18 67
34 33 18 67
35 33 18 67
36 33 18 67
37 33 18 67
38 33 18 67
39 33 18 67
40 33 18 67
41 33 18 67
42 33 18 67
43 33 18 67
44 33 18 67
45 33 18 67
46 33 18 67
47 33 18 67
48 33 18 67
49 33 18 67
50 33 18 67
51 33 18 67
52 33 18 67
53 33 18 67
54 33 18 67
55 33 18 67
56 33 18 67
57 33 18 67
58 33 18 67
59 33 18 67
60 33 18 67
61 33 18 67
62 33 18 67
63 33 18 67
64 33 18 67
65 33 18 67
