0 14 24 88
1 14 24 88
2 14 24 88
3 14 24 88
4 14 24 88
5 14 24 88
6 14 24 88
7 14 24 88
8 14 24 88
9 14 24 88
10 14 24 88
11 14 24 88
12 14 24 88
13 14 24 88
14 14 24 88
15 14 24 88
16 14 24 88
17 14 24 88
18 14 24 88
19 14 24 88
20 14 24 88
21 14 24 88
22 14 24 88
23 14 24 88
24 14 24 88
25 14 24 88
26 14 24 88
27 14 24 88
28 14 24 88
29 14 24 88
30 14 24 88
31 14 24 88
32 14 24 88
33 14 24 88
34 14 24 88
35 14 24 88
36 14 24 88
37 14 24 88
38 14 24 88
39 14 24 88
40 14 24 88
41 14 24 88
42 14 24 88
43 14 24 88
44 14 24 88
45 14 24 88
46 14 24 88
47 14 24 88
48 14 24 88
49 14 24 88
50 14 24 88
51 14 24 88
52 14 24 88
53 14 24 88
54 14 24 88
55 14 24 88
56 14 24 88
57 14 24 88
58 14 24 88
59 14 24 88
60 14 24 88
61 14 24 88
62 14 24 88
63 14 24 88
64 14 24 88
65 14 24 88
