0 44 17 25
1 44 17 25
2 44 17 25
3 44 17 25
4 44 17 25
5 44 17 25
6 44 17 25
7 44 17 25
8 44 17 25
9 44 17 25
10 44 17 25
11 44 17 25
12 44 17 25
13 44 17 25
14 44 17 25
15 44 17 25
16 44 17 25
17 44 17 25
18 44 17 25
19 44 17 25
20 44 17 25
21 44 17 25
22 44 17 25
23 44 17 25
24 44 17 25
25 44 17 25
26 44 17 25
27 44 17 25
28 44 17 25
29 44 17 25
30 44 17 25
31 44 17 25
32 44 17 25
33 44 17 25
34 44 17 25
35 44 17 25
36 44 17 25
37 44 17 25
38 44 17 25
39 44 17 25
40 44 17 25
41 44 17 25
42 44 17 25
43 44 17 25
44 44 17 25
45 44 17 25
46 44 17 25
47 44 17 25
48 44 17 25
49 44 17 25
50 44 17 25
51 44 17 25
52 44 17 25
53 44 17 25
54 44 17 25
55 44 17 25
56 44 17 25
57 44 17 25
58 44 17 25
59 44 17 25
60 44 17 25
61 44 17 25
62 44 17 25
63 44 17 25
64 44 17 25
65 44 17 25
