0 39 34 31
1 39 34 31
2 39 34 31
3 39 34 31
4 39 34 31
5 39 34 31
6 39 34 31
7 39 34 31
8 39 34 31
9 39 34 31
10 39 34 31
11 39 34 31
12 39 34 31
13 39 34 31
14 39 34 31
15 39 34 31
16 39 34 31
17 39 34 31
18 39 34 31
19 39 34 31
20 39 34 31
21 39 34 31
22 39 34 31
23 39 34 31
24 39 34 31
25 39 34 31
26 39 34 31
27 39 34 31
28 39 34 31
29 39 34 31
30 39 34 31
31 39 34 31
32 39 34 31
33 39 34 31
34 39 34 31
35 39 34 31
36 39 34 31
37 39 34 31
38 39 34 31
39 39 34 31
40 39 34 31
41 39 34 31
42 39 34 31
43 39 34 31
44 39 34 31
45 39 34 31
46 39 34 31
47 39 34 31
48 39 34 31
49 39 34 31
50 39 34 31
51 39 34 31
52 39 34 31
53 39 34 31
54 39 34 31
55 39 34 31
56 39 34 31
57 39 34 31
58 39 34 31
59 39 34 31
60 39 34 31
61 39 34 31
62 39 34 31
63 39 34 31
64 39 34 31
65 39 34 31
