0 22 49 10
1 22 49 10
2 22 49 10
3 22 49 10
4 22 49 10
5 22 49 10
6 22 49 10
7 22 49 10
8 22 49 10
9 22 49 10
10 22 49 10
11 22 49 10
12 22 49 10
13 22 49 10
14 22 49 10
15 22 49 10
16 22 49 10
17 22 49 10
18 22 49 10
19 22 49 10
20 22 49 10
21 22 49 10
22 22 49 10
23 22 49 10
24 22 49 10
25 22 49 10
26 22 49 10
27 22 49 10
28 22 49 10
29 22 49 10
30 22 49 10
31 22 49 10
32 22 49 10
33 22 49 10
34 22 49 10
35 22 49 10
36 22 49 10
37 22 49 10
38 22 49 10
39 22 49 10
40 22 49 10
41 22 49 10
42 22 49 10
43 22 49 10
44 22 49 10
45 22 49 10
46 22 49 10
47 22 49 10
48 22 49 10
49 22 49 10
50 22 49 10
51 22 49 10
52 22 49 10
53 22 49 10
54 22 49 10
55 22 49 10
56 22 49 10
57 22 49 10
58 22 49 10
59 22 49 10
60 22 49 10
61 22 49 10
62 22 49 10
63 22 49 10
64 22 49 10
65 22 49 10
