0 36 31 3
1 36 31 3
2 36 31 3
3 36 31 3
4 36 31 3
5 36 31 3
6 36 31 3
7 36 31 3
8 36 31 3
9 36 31 3
10 36 31 3
11 36 31 3
12 36 31 3
13 36 31 3
14 36 31 3
15 36 31 3
16 36 31 3
17 36 31 3
18 36 31 3
19 36 31 3
20 36 31 3
21 36 31 3
22 36 31 3
23 36 31 3
24 36 31 3
25 36 31 3
26 36 31 3
27 36 31 3
28 36 31 3
29 36 31 3
30 36 31 3
31 36 31 3
32 36 31 3
33 36 31 3
34 36 31 3
35 36 31 3
36 36 31 3
37 36 31 3
38 36 31 3
39 36 31 3
40 36 31 3
41 36 31 3
42 36 31 3
43 36 31 3
44 36 31 3
45 36 31 3
46 36 31 3
47 36 31 3
48 36 31 3
49 36 31 3
50 36 31 3
51 36 31 3
52 36 31 3
53 36 31 3
54 36 31 3
55 36 31 3
56 36 31 3
57 36 31 3
58 36 31 3
59 36 31 3
60 36 31 3
61 36 31 3
62 36 31 3
63 36 31 3
64 36 31 3
65 36 31 3
