0 41 24 31
1 41 24 31
2 41 24 31
3 41 24 31
4 41 24 31
5 41 24 31
6 41 24 31
7 41 24 31
8 41 24 31
9 41 24 31
10 41 24 31
11 41 24 31
12 41 24 31
13 41 24 31
14 41 24 31
15 41 24 31
16 41 24 31
17 41 24 31
18 41 24 31
19 41 24 31
20 41 24 31
21 41 24 31
22 41 24 31
23 41 24 31
24 41 24 31
25 41 24 31
26 41 24 31
27 41 24 31
28 41 24 31
29 41 24 31
30 41 24 31
31 41 24 31
32 41 24 31
33 41 24 31
34 41 24 31
35 41 24 31
36 41 24 31
37 41 24 31
38 41 24 31
39 41 24 31
40 41 24 31
41 41 24 31
42 41 24 31
43 41 24 31
44 41 24 31
45 41 24 31
46 41 24 31
47 41 24 31
48 41 24 31
49 41 24 31
50 41 24 31
51 41 24 31
52 41 24 31
53 41 24 31
54 41 24 31
55 41 24 31
56 41 24 31
57 41 24 31
58 41 24 31
59 41 24 31
60 41 24 31
61 41 24 31
62 41 24 31
63 41 24 31
64 41 24 31
65 41 24 31
