0 33 22 70
1 33 22 70
2 33 22 70
3 33 22 70
4 33 22 70
5 33 22 70
6 33 22 70
7 33 22 70
8 33 22 70
9 33 22 70
10 33 22 70
11 33 22 70
12 33 22 70
13 33 22 70
14 33 22 70
15 33 22 70
16 33 22 70
17 33 22 70
18 33 22 70
19 33 22 70
20 33 22 70
21 33 22 70
22 33 22 70
23 33 22 70
24 33 22 70
25 33 22 70
26 33 22 70
27 33 22 70
28 33 22 70
29 33 22 70
30 33 22 70
31 33 22 70
32 33 22 70
33 33 22 70
34 33 22 70
35 33 22 70
36 33 22 70
37 33 22 70
38 33 22 70
39 33 22 70
40 33 22 70
41 33 22 70
42 33 22 70
43 33 22 70
44 33 22 70
45 33 22 70
46 33 22 70
47 33 22 70
48 33 22 70
49 33 22 70
50 33 22 70
51 33 22 70
52 33 22 70
53 33 22 70
54 33 22 70
55 33 22 70
56 33 22 70
57 33 22 70
58 33 22 70
59 33 22 70
60 33 22 70
61 33 22 70
62 33 22 70
63 33 22 70
64 33 22 70
65 33 22 70
