0 53 28 3
1 53 28 3
2 53 28 3
3 53 28 3
4 53 28 3
5 53 28 3
6 53 28 3
7 53 28 3
8 53 28 3
9 53 28 3
10 53 28 3
11 53 28 3
12 53 28 3
13 53 28 3
14 53 28 3
15 53 28 3
16 53 28 3
17 53 28 3
18 53 28 3
19 53 28 3
20 53 28 3
21 53 28 3
22 53 28 3
23 53 28 3
24 53 28 3
25 53 28 3
26 53 28 3
27 53 28 3
28 53 28 3
29 53 28 3
30 53 28 3
31 53 28 3
32 53 28 3
33 53 28 3
34 53 28 3
35 53 28 3
36 53 28 3
37 53 28 3
38 53 28 3
39 53 28 3
40 53 28 3
41 53 28 3
42 53 28 3
43 53 28 3
44 53 28 3
45 53 28 3
46 53 28 3
47 53 28 3
48 53 28 3
49 53 28 3
50 53 28 3
51 53 28 3
52 53 28 3
53 53 28 3
54 53 28 3
55 53 28 3
56 53 28 3
57 53 28 3
58 53 28 3
59 53 28 3
60 53 28 3
61 53 28 3
62 53 28 3
63 53 28 3
64 53 28 3
65 53 28 3
