0 27 25 67
1 27 25 67
2 27 25 67
3 27 25 67
4 27 25 67
5 27 25 67
6 27 25 67
7 27 25 67
8 27 25 67
9 27 25 67
10 27 25 67
11 27 25 67
12 27 25 67
13 27 25 67
14 27 25 67
15 27 25 67
16 27 25 67
17 27 25 67
18 27 25 67
19 27 25 67
20 27 25 67
21 27 25 67
22 27 25 67
23 27 25 67
24 27 25 67
25 27 25 67
26 27 25 67
27 27 25 67
28 27 25 67
29 27 25 67
30 27 25 67
31 27 25 67
32 27 25 67
33 27 25 67
34 27 25 67
35 27 25 67
36 27 25 67
37 27 25 67
38 27 25 67
39 27 25 67
40 27 25 67
41 27 25 67
42 27 25 67
43 27 25 67
44 27 25 67
45 27 25 67
46 27 25 67
47 27 25 67
48 27 25 67
49 27 25 67
50 27 25 67
51 27 25 67
52 27 25 67
53 27 25 67
54 27 25 67
55 27 25 67
56 27 25 67
57 27 25 67
58 27 25 67
59 27 25 67
60 27 25 67
61 27 25 67
62 27 25 67
63 27 25 67
64 27 25 67
65 27 25 67
