0 31 38 92
1 31 38 92
2 31 38 92
3 31 38 92
4 31 38 92
5 31 38 92
6 31 38 92
7 31 38 92
8 31 38 92
9 31 38 92
10 31 38 92
11 31 38 92
12 31 38 92
13 31 38 92
14 31 38 92
15 31 38 92
16 31 38 92
17 31 38 92
18 31 38 92
19 31 38 92
20 31 38 92
21 31 38 92
22 31 38 92
23 31 38 92
24 31 38 92
25 31 38 92
26 31 38 92
27 31 38 92
28 31 38 92
29 31 38 92
30 31 38 92
31 31 38 92
32 31 38 92
33 31 38 92
34 31 38 92
35 31 38 92
36 31 38 92
37 31 38 92
38 31 38 92
39 31 38 92
40 31 38 92
41 31 38 92
42 31 38 92
43 31 38 92
44 31 38 92
45 31 38 92
46 31 38 92
47 31 38 92
48 31 38 92
49 31 38 92
50 31 38 92
51 31 38 92
52 31 38 92
53 31 38 92
54 31 38 92
55 31 38 92
56 31 38 92
57 31 38 92
58 31 38 92
59 31 38 92
60 31 38 92
61 31 38 92
62 31 38 92
63 31 38 92
64 31 38 92
65 31 38 92
