0 28 27 65
1 28 27 65
2 28 27 65
3 28 27 65
4 28 27 65
5 28 27 65
6 28 27 65
7 28 27 65
8 28 27 65
9 28 27 65
10 28 27 65
11 28 27 65
12 28 27 65
13 28 27 65
14 28 27 65
15 28 27 65
16 28 27 65
17 28 27 65
18 28 27 65
19 28 27 65
20 28 27 65
21 28 27 65
22 28 27 65
23 28 27 65
24 28 27 65
25 28 27 65
26 28 27 65
27 28 27 65
28 28 27 65
29 28 27 65
30 28 27 65
31 28 27 65
32 28 27 65
33 28 27 65
34 28 27 65
35 28 27 65
36 28 27 65
37 28 27 65
38 28 27 65
39 28 27 65
40 28 27 65
41 28 27 65
42 28 27 65
43 28 27 65
44 28 27 65
45 28 27 65
46 28 27 65
47 28 27 65
48 28 27 65
49 28 27 65
50 28 27 65
51 28 27 65
52 28 27 65
53 28 27 65
54 28 27 65
55 28 27 65
56 28 27 65
57 28 27 65
58 28 27 65
59 28 27 65
60 28 27 65
61 28 27 65
62 28 27 65
63 28 27 65
64 28 27 65
65 28 27 65
