0.0 60.98 81.62 13.81
1.0 63.80 86.40 11.94
2.0 61.28 85.11 10.09
3.0 57.09 81.69 9.08
4.0 60.46 86.31 11.07
5.0 64.85 91.04 12.69
6.0 64.41 87.23 13.17
7.0 63.58 83.05 13.30
8.0 62.20 84.22 12.59
9.0 66.78 86.23 10.73
10.0 61.95 87.56 9.40
11.0 57.43 90.00 10.72
12.0 56.15 86.50 12.23
13.0 56.89 84.47 12.62
14.0 61.05 80.68 12.55
15.0 58.78 76.45 12.90
16.0 54.67 79.00 13.12
17.0 56.15 78.95 12.76
18.0 60.65 75.75 11.25
19.0 62.36 76.01 12.79
20.0 60.29 79.72 10.88
21.0 62.39 83.95 9.11
22.0 63.86 80.92 10.08
23.0 59.44 84.97 10.90
24.0 64.12 84.26 11.05
25.0 63.90 89.09 9.18
26.0 61.35 88.93 10.99
27.0 57.65 91.85 10.77
28.0 53.24 93.02 11.95
29.0 53.67 92.96 12.45
30.0 50.35 96.41 12.53
31.0 47.17 96.78 13.40
32.0 43.16 96.83 13.38
33.0 42.80 97.53 12.76
34.0 41.60 93.60 11.89
35.0 44.39 93.23 10.82
36.0 44.40 93.45 12.36
37.0 40.21 89.80 13.11
38.0 39.19 91.02 11.91
39.0 43.19 87.25 13.07
40.0 38.47 86.26 14.24
41.0 39.03 87.45 15.76
42.0 43.78 84.52 14.97
43.0 45.90 82.05 15.19
44.0 42.38 81.41 15.19
45.0 41.09 82.48 15.67
46.0 38.04 84.61 14.90
47.0 42.58 86.29 13.97
48.0 46.25 87.59 15.90
49.0 50.03 83.77 16.32
50.0 48.91 82.82 17.97
51.0 48.91 82.97 19.64
52.0 44.35 82.84 19.29
53.0 41.99 84.45 18.12
54.0 45.81 87.90 16.76
55.0 44.92 90.40 15.83
56.0 44.72 89.56 14.87
57.0 44.85 89.68 14.63
58.0 48.05 89.46 13.52
59.0 47.32 85.69 15.43
60.0 45.89 82.65 15.69
