0 22 33 43
1 22 33 43
2 22 33 43
3 22 33 43
4 22 33 43
5 22 33 43
6 22 33 43
7 22 33 43
8 22 33 43
9 22 33 43
10 22 33 43
11 22 33 43
12 22 33 43
13 22 33 43
14 22 33 43
15 22 33 43
16 22 33 43
17 22 33 43
18 22 33 43
19 22 33 43
20 22 33 43
21 22 33 43
22 22 33 43
23 22 33 43
24 22 33 43
25 22 33 43
26 22 33 43
27 22 33 43
28 22 33 43
29 22 33 43
30 22 33 43
31 22 33 43
32 22 33 43
33 22 33 43
34 22 33 43
35 22 33 43
36 22 33 43
37 22 33 43
38 22 33 43
39 22 33 43
40 22 33 43
41 22 33 43
42 22 33 43
43 22 33 43
44 22 33 43
45 22 33 43
46 22 33 43
47 22 33 43
48 22 33 43
49 22 33 43
50 22 33 43
51 22 33 43
52 22 33 43
53 22 33 43
54 22 33 43
55 22 33 43
56 22 33 43
57 22 33 43
58 22 33 43
59 22 33 43
60 22 33 43
61 22 33 43
62 22 33 43
63 22 33 43
64 22 33 43
65 22 33 43
