0.0 49.18 27.52 4.95
1.0 44.35 30.42 5.88
2.0 39.79 25.89 3.95
3.0 43.84 29.76 4.94
4.0 42.09 31.21 3.90
5.0 41.25 35.18 2.50
6.0 40.43 31.27 1.48
7.0 37.79 30.65 0.00
8.0 35.77 27.09 1.86
9.0 37.75 32.05 2.66
10.0 39.80 29.70 1.84
11.0 35.94 29.03 0.59
12.0 32.95 29.60 1.57
13.0 29.19 34.31 0.26
14.0 31.31 30.74 0.00
15.0 33.14 30.89 0.00
16.0 33.64 35.82 0.25
17.0 35.32 37.97 0.77
18.0 35.63 40.81 2.53
19.0 31.91 42.56 3.94
20.0 29.44 40.09 4.66
21.0 26.04 42.16 5.06
22.0 25.67 45.00 4.46
23.0 25.94 48.25 5.08
24.0 29.03 51.00 5.07
25.0 25.80 48.39 6.37
26.0 27.67 51.95 8.14
27.0 28.74 52.89 8.27
28.0 32.81 55.28 7.68
29.0 28.82 54.39 8.39
30.0 32.87 51.18 9.44
31.0 29.93 49.22 11.29
32.0 26.34 50.31 12.36
33.0 25.35 48.01 11.04
34.0 21.99 50.90 12.89
35.0 17.92 47.69 13.14
36.0 14.14 49.79 11.39
37.0 17.49 52.25 9.82
38.0 12.70 51.94 9.66
39.0 12.08 55.51 10.48
40.0 9.27 51.37 12.16
41.0 11.92 47.80 10.87
42.0 7.93 43.25 10.33
43.0 8.03 42.83 10.77
44.0 5.03 42.61 12.35
45.0 0.95 43.66 13.34
46.0 0.00 42.32 13.04
47.0 0.00 38.00 14.85
48.0 0.00 36.38 15.28
49.0 0.00 38.36 15.22
50.0 0.00 37.46 14.31
51.0 3.26 33.95 14.37
52.0 5.64 32.71 14.15
53.0 5.92 36.22 15.59
54.0 10.80 33.42 13.96
55.0 15.38 31.04 15.37
56.0 11.11 29.84 16.71
57.0 9.13 29.63 18.41
58.0 8.75 28.89 16.52
59.0 11.45 24.87 17.00
60.0 15.47 24.44 16.96
