0.0 91.14 44.50 11.88
1.0 89.63 40.86 11.63
2.0 84.91 40.47 13.22
3.0 84.08 37.53 13.86
4.0 86.31 41.07 12.76
5.0 90.58 42.51 12.03
6.0 94.60 41.33 11.05
7.0 99.21 41.51 12.38
8.0 95.27 39.39 14.31
9.0 91.04 42.79 14.92
10.0 86.17 38.03 14.11
11.0 86.46 42.21 15.98
12.0 84.10 44.55 14.96
13.0 83.86 40.31 16.70
14.0 80.89 39.37 18.09
15.0 80.54 36.35 18.04
16.0 77.04 39.32 19.33
17.0 79.03 38.31 17.66
18.0 82.82 38.45 18.70
19.0 83.35 34.54 20.00
20.0 85.93 33.14 20.00
21.0 87.75 37.08 20.00
22.0 87.78 35.42 20.00
23.0 83.08 34.79 20.00
24.0 81.65 31.89 20.00
25.0 85.64 34.33 20.00
26.0 87.10 33.13 18.35
27.0 89.84 30.42 20.00
28.0 90.80 35.11 20.00
29.0 92.72 38.67 18.33
30.0 93.02 39.47 20.00
31.0 90.86 37.42 20.00
32.0 88.34 38.00 20.00
33.0 88.86 42.19 19.83
34.0 91.85 42.89 20.00
35.0 96.41 40.28 18.92
36.0 93.94 42.87 19.50
37.0 97.06 45.04 20.00
38.0 97.43 40.86 19.77
39.0 96.62 41.71 19.30
40.0 94.80 42.25 20.00
41.0 93.69 46.08 19.59
42.0 95.24 47.37 20.00
43.0 93.13 52.00 18.59
44.0 93.33 48.89 19.48
45.0 88.79 45.83 20.00
46.0 84.15 42.66 20.00
47.0 88.07 41.20 19.94
48.0 92.87 39.53 20.00
49.0 87.93 42.61 19.81
50.0 88.09 40.89 20.00
51.0 89.82 40.32 20.00
52.0 85.31 39.40 18.16
53.0 83.55 34.82 18.89
54.0 83.95 32.58 20.00
55.0 84.83 27.64 19.03
56.0 86.82 32.05 19.64
57.0 84.49 34.00 20.00
58.0 80.10 37.72 20.00
59.0 81.23 38.22 20.00
60.0 79.26 38.73 19.82
