0 32 44 31
1 32 44 31
2 32 44 31
3 32 44 31
4 32 44 31
5 32 44 31
6 32 44 31
7 32 44 31
8 32 44 31
9 32 44 31
10 32 44 31
11 32 44 31
12 32 44 31
13 32 44 31
14 32 44 31
15 32 44 31
16 32 44 31
17 32 44 31
18 32 44 31
19 32 44 31
20 32 44 31
21 32 44 31
22 32 44 31
23 32 44 31
24 32 44 31
25 32 44 31
26 32 44 31
27 32 44 31
28 32 44 31
29 32 44 31
30 32 44 31
31 32 44 31
32 32 44 31
33 32 44 31
34 32 44 31
35 32 44 31
36 32 44 31
37 32 44 31
38 32 44 31
39 32 44 31
40 32 44 31
41 32 44 31
42 32 44 31
43 32 44 31
44 32 44 31
45 32 44 31
46 32 44 31
47 32 44 31
48 32 44 31
49 32 44 31
50 32 44 31
51 32 44 31
52 32 44 31
53 32 44 31
54 32 44 31
55 32 44 31
56 32 44 31
57 32 44 31
58 32 44 31
59 32 44 31
60 32 44 31
61 32 44 31
62 32 44 31
63 32 44 31
64 32 44 31
65 32 44 31
