0 39 16 64
1 39 16 64
2 39 16 64
3 39 16 64
4 39 16 64
5 39 16 64
6 39 16 64
7 39 16 64
8 39 16 64
9 39 16 64
10 39 16 64
11 39 16 64
12 39 16 64
13 39 16 64
14 39 16 64
15 39 16 64
16 39 16 64
17 39 16 64
18 39 16 64
19 39 16 64
20 39 16 64
21 39 16 64
22 39 16 64
23 39 16 64
24 39 16 64
25 39 16 64
26 39 16 64
27 39 16 64
28 39 16 64
29 39 16 64
30 39 16 64
31 39 16 64
32 39 16 64
33 39 16 64
34 39 16 64
35 39 16 64
36 39 16 64
37 39 16 64
38 39 16 64
39 39 16 64
40 39 16 64
41 39 16 64
42 39 16 64
43 39 16 64
44 39 16 64
45 39 16 64
46 39 16 64
47 39 16 64
48 39 16 64
49 39 16 64
50 39 16 64
51 39 16 64
52 39 16 64
53 39 16 64
54 39 16 64
55 39 16 64
56 39 16 64
57 39 16 64
58 39 16 64
59 39 16 64
60 39 16 64
61 39 16 64
62 39 16 64
63 39 16 64
64 39 16 64
65 39 16 64
