0 36 24 3
1 36 24 3
2 36 24 3
3 36 24 3
4 36 24 3
5 36 24 3
6 36 24 3
7 36 24 3
8 36 24 3
9 36 24 3
10 36 24 3
11 36 24 3
12 36 24 3
13 36 24 3
14 36 24 3
15 36 24 3
16 36 24 3
17 36 24 3
18 36 24 3
19 36 24 3
20 36 24 3
21 36 24 3
22 36 24 3
23 36 24 3
24 36 24 3
25 36 24 3
26 36 24 3
27 36 24 3
28 36 24 3
29 36 24 3
30 36 24 3
31 36 24 3
32 36 24 3
33 36 24 3
34 36 24 3
35 36 24 3
36 36 24 3
37 36 24 3
38 36 24 3
39 36 24 3
40 36 24 3
41 36 24 3
42 36 24 3
43 36 24 3
44 36 24 3
45 36 24 3
46 36 24 3
47 36 24 3
48 36 24 3
49 36 24 3
50 36 24 3
51 36 24 3
52 36 24 3
53 36 24 3
54 36 24 3
55 36 24 3
56 36 24 3
57 36 24 3
58 36 24 3
59 36 24 3
60 36 24 3
61 36 24 3
62 36 24 3
63 36 24 3
64 36 24 3
65 36 24 3
