0 33 48 18
1 33 48 18
2 33 48 18
3 33 48 18
4 33 48 18
5 33 48 18
6 33 48 18
7 33 48 18
8 33 48 18
9 33 48 18
10 33 48 18
11 33 48 18
12 33 48 18
13 33 48 18
14 33 48 18
15 33 48 18
16 33 48 18
17 33 48 18
18 33 48 18
19 33 48 18
20 33 48 18
21 33 48 18
22 33 48 18
23 33 48 18
24 33 48 18
25 33 48 18
26 33 48 18
27 33 48 18
28 33 48 18
29 33 48 18
30 33 48 18
31 33 48 18
32 33 48 18
33 33 48 18
34 33 48 18
35 33 48 18
36 33 48 18
37 33 48 18
38 33 48 18
39 33 48 18
40 33 48 18
41 33 48 18
42 33 48 18
43 33 48 18
44 33 48 18
45 33 48 18
46 33 48 18
47 33 48 18
48 33 48 18
49 33 48 18
50 33 48 18
51 33 48 18
52 33 48 18
53 33 48 18
54 33 48 18
55 33 48 18
56 33 48 18
57 33 48 18
58 33 48 18
59 33 48 18
60 33 48 18
61 33 48 18
62 33 48 18
63 33 48 18
64 33 48 18
65 33 48 18
