0 22 18 74
1 22 18 74
2 22 18 74
3 22 18 74
4 22 18 74
5 22 18 74
6 22 18 74
7 22 18 74
8 22 18 74
9 22 18 74
10 22 18 74
11 22 18 74
12 22 18 74
13 22 18 74
14 22 18 74
15 22 18 74
16 22 18 74
17 22 18 74
18 22 18 74
19 22 18 74
20 22 18 74
21 22 18 74
22 22 18 74
23 22 18 74
24 22 18 74
25 22 18 74
26 22 18 74
27 22 18 74
28 22 18 74
29 22 18 74
30 22 18 74
31 22 18 74
32 22 18 74
33 22 18 74
34 22 18 74
35 22 18 74
36 22 18 74
37 22 18 74
38 22 18 74
39 22 18 74
40 22 18 74
41 22 18 74
42 22 18 74
43 22 18 74
44 22 18 74
45 22 18 74
46 22 18 74
47 22 18 74
48 22 18 74
49 22 18 74
50 22 18 74
51 22 18 74
52 22 18 74
53 22 18 74
54 22 18 74
55 22 18 74
56 22 18 74
57 22 18 74
58 22 18 74
59 22 18 74
60 22 18 74
61 22 18 74
62 22 18 74
63 22 18 74
64 22 18 74
65 22 18 74
