0.0 16.48 70.49 0.82
1.0 18.18 66.52 0.16
2.0 14.89 65.47 1.39
3.0 10.66 67.49 0.00
4.0 8.67 63.63 1.85
5.0 9.24 62.74 2.88
6.0 6.04 61.66 3.25
7.0 11.02 58.17 1.70
8.0 10.66 54.30 2.76
9.0 8.73 59.13 1.78
10.0 11.57 58.42 3.61
11.0 11.47 53.82 3.13
12.0 6.70 54.45 1.47
13.0 11.01 57.08 2.74
14.0 11.14 59.51 1.48
15.0 14.67 63.29 2.80
16.0 17.43 58.57 4.56
17.0 16.00 57.28 4.05
18.0 16.26 56.74 2.46
19.0 18.14 59.12 1.11
20.0 21.53 59.28 1.41
21.0 22.24 58.19 0.82
22.0 22.06 55.97 0.66
23.0 22.15 60.61 0.04
24.0 18.49 64.80 0.00
25.0 22.91 69.27 1.84
26.0 25.22 65.51 0.86
27.0 22.60 61.65 0.07
28.0 25.70 61.22 0.06
29.0 30.21 64.52 0.00
30.0 33.38 67.48 0.06
31.0 30.17 67.13 0.71
32.0 26.19 69.88 0.13
33.0 30.13 66.95 0.92
34.0 32.71 63.24 0.38
35.0 35.82 65.26 0.00
36.0 33.41 67.75 0.00
37.0 37.56 65.07 0.00
38.0 39.27 69.06 0.00
39.0 43.78 66.34 0.00
40.0 45.72 68.19 1.65
41.0 49.55 63.23 1.63
42.0 44.67 63.75 2.31
43.0 44.36 65.71 3.54
44.0 40.06 64.48 3.64
45.0 35.07 65.39 2.56
46.0 33.71 70.04 2.72
47.0 30.16 66.52 3.82
48.0 33.91 61.63 4.22
49.0 33.84 64.89 4.18
50.0 35.90 61.25 3.27
51.0 34.84 63.37 2.30
52.0 32.84 58.64 3.23
53.0 31.97 58.48 2.72
54.0 35.26 60.13 1.96
55.0 32.70 57.57 2.72
56.0 34.05 61.81 2.30
57.0 32.80 57.45 0.99
58.0 34.97 54.07 1.21
59.0 34.35 51.12 2.31
60.0 38.10 54.49 3.08
