0 24 34 47
1 24 34 47
2 24 34 47
3 24 34 47
4 24 34 47
5 24 34 47
6 24 34 47
7 24 34 47
8 24 34 47
9 24 34 47
10 24 34 47
11 24 34 47
12 24 34 47
13 24 34 47
14 24 34 47
15 24 34 47
16 24 34 47
17 24 34 47
18 24 34 47
19 24 34 47
20 24 34 47
21 24 34 47
22 24 34 47
23 24 34 47
24 24 34 47
25 24 34 47
26 24 34 47
27 24 34 47
28 24 34 47
29 24 34 47
30 24 34 47
31 24 34 47
32 24 34 47
33 24 34 47
34 24 34 47
35 24 34 47
36 24 34 47
37 24 34 47
38 24 34 47
39 24 34 47
40 24 34 47
41 24 34 47
42 24 34 47
43 24 34 47
44 24 34 47
45 24 34 47
46 24 34 47
47 24 34 47
48 24 34 47
49 24 34 47
50 24 34 47
51 24 34 47
52 24 34 47
53 24 34 47
54 24 34 47
55 24 34 47
56 24 34 47
57 24 34 47
58 24 34 47
59 24 34 47
60 24 34 47
61 24 34 47
62 24 34 47
63 24 34 47
64 24 34 47
65 24 34 47
