0.0 5.41 19.06 15.36
1.0 8.93 19.91 16.08
2.0 11.27 16.01 17.48
3.0 7.86 14.77 16.37
4.0 10.62 11.51 15.38
5.0 8.29 10.96 14.85
6.0 8.99 8.33 14.53
7.0 5.57 3.39 16.34
8.0 10.35 0.00 17.92
9.0 5.43 3.44 17.04
10.0 9.95 1.92 19.02
11.0 10.52 4.69 19.52
12.0 10.47 5.76 17.88
13.0 12.26 7.04 19.86
14.0 8.97 3.86 18.01
15.0 10.60 7.45 16.09
16.0 6.51 5.47 14.75
17.0 10.49 5.49 15.25
18.0 11.96 3.92 15.01
19.0 16.17 7.69 14.83
20.0 20.69 7.18 15.37
21.0 18.26 9.24 16.72
22.0 16.50 10.01 15.17
23.0 16.01 5.02 13.20
24.0 12.04 3.87 14.04
25.0 9.15 8.48 13.52
26.0 5.85 8.07 13.60
27.0 2.53 4.17 12.17
28.0 3.41 8.59 13.15
29.0 1.50 5.45 13.72
30.0 1.54 7.15 12.94
31.0 3.13 4.58 11.65
32.0 1.47 0.00 11.20
33.0 4.19 3.56 12.35
34.0 7.38 4.42 11.83
35.0 7.92 8.78 11.30
36.0 11.84 12.49 12.79
37.0 16.56 16.79 13.35
38.0 18.74 21.46 14.19
39.0 14.30 18.33 15.83
40.0 10.51 17.12 16.15
41.0 7.48 15.63 15.29
42.0 3.52 14.46 16.81
43.0 7.26 18.53 16.60
44.0 6.74 19.10 17.00
45.0 10.63 23.76 17.26
46.0 8.42 22.13 17.64
47.0 3.92 20.51 19.45
48.0 2.23 15.72 17.76
49.0 0.00 16.52 18.05
50.0 4.49 21.21 17.89
51.0 7.14 24.36 19.54
52.0 10.10 23.59 19.83
53.0 12.89 20.03 18.42
54.0 9.92 18.35 18.76
55.0 12.86 17.00 17.08
56.0 12.88 21.30 15.82
57.0 13.56 16.90 17.32
58.0 18.36 14.97 17.44
59.0 14.90 11.37 16.22
60.0 11.71 12.32 16.98
