0 47 32 25
1 47 32 25
2 47 32 25
3 47 32 25
4 47 32 25
5 47 32 25
6 47 32 25
7 47 32 25
8 47 32 25
9 47 32 25
10 47 32 25
11 47 32 25
12 47 32 25
13 47 32 25
14 47 32 25
15 47 32 25
16 47 32 25
17 47 32 25
18 47 32 25
19 47 32 25
20 47 32 25
21 47 32 25
22 47 32 25
23 47 32 25
24 47 32 25
25 47 32 25
26 47 32 25
27 47 32 25
28 47 32 25
29 47 32 25
30 47 32 25
31 47 32 25
32 47 32 25
33 47 32 25
34 47 32 25
35 47 32 25
36 47 32 25
37 47 32 25
38 47 32 25
39 47 32 25
40 47 32 25
41 47 32 25
42 47 32 25
43 47 32 25
44 47 32 25
45 47 32 25
46 47 32 25
47 47 32 25
48 47 32 25
49 47 32 25
50 47 32 25
51 47 32 25
52 47 32 25
53 47 32 25
54 47 32 25
55 47 32 25
56 47 32 25
57 47 32 25
58 47 32 25
59 47 32 25
60 47 32 25
61 47 32 25
62 47 32 25
63 47 32 25
64 47 32 25
65 47 32 25
