0 28 17 60
1 28 17 60
2 28 17 60
3 28 17 60
4 28 17 60
5 28 17 60
6 28 17 60
7 28 17 60
8 28 17 60
9 28 17 60
10 28 17 60
11 28 17 60
12 28 17 60
13 28 17 60
14 28 17 60
15 28 17 60
16 28 17 60
17 28 17 60
18 28 17 60
19 28 17 60
20 28 17 60
21 28 17 60
22 28 17 60
23 28 17 60
24 28 17 60
25 28 17 60
26 28 17 60
27 28 17 60
28 28 17 60
29 28 17 60
30 28 17 60
31 28 17 60
32 28 17 60
33 28 17 60
34 28 17 60
35 28 17 60
36 28 17 60
37 28 17 60
38 28 17 60
39 28 17 60
40 28 17 60
41 28 17 60
42 28 17 60
43 28 17 60
44 28 17 60
45 28 17 60
46 28 17 60
47 28 17 60
48 28 17 60
49 28 17 60
50 28 17 60
51 28 17 60
52 28 17 60
53 28 17 60
54 28 17 60
55 28 17 60
56 28 17 60
57 28 17 60
58 28 17 60
59 28 17 60
60 28 17 60
61 28 17 60
62 28 17 60
63 28 17 60
64 28 17 60
65 28 17 60
