0 28 41 91
1 28 41 91
2 28 41 91
3 28 41 91
4 28 41 91
5 28 41 91
6 28 41 91
7 28 41 91
8 28 41 91
9 28 41 91
10 28 41 91
11 28 41 91
12 28 41 91
13 28 41 91
14 28 41 91
15 28 41 91
16 28 41 91
17 28 41 91
18 28 41 91
19 28 41 91
20 28 41 91
21 28 41 91
22 28 41 91
23 28 41 91
24 28 41 91
25 28 41 91
26 28 41 91
27 28 41 91
28 28 41 91
29 28 41 91
30 28 41 91
31 28 41 91
32 28 41 91
33 28 41 91
34 28 41 91
35 28 41 91
36 28 41 91
37 28 41 91
38 28 41 91
39 28 41 91
40 28 41 91
41 28 41 91
42 28 41 91
43 28 41 91
44 28 41 91
45 28 41 91
46 28 41 91
47 28 41 91
48 28 41 91
49 28 41 91
50 28 41 91
51 28 41 91
52 28 41 91
53 28 41 91
54 28 41 91
55 28 41 91
56 28 41 91
57 28 41 91
58 28 41 91
59 28 41 91
60 28 41 91
61 28 41 91
62 28 41 91
63 28 41 91
64 28 41 91
65 28 41 91
