0 28 12 83
1 28 12 83
2 28 12 83
3 28 12 83
4 28 12 83
5 28 12 83
6 28 12 83
7 28 12 83
8 28 12 83
9 28 12 83
10 28 12 83
11 28 12 83
12 28 12 83
13 28 12 83
14 28 12 83
15 28 12 83
16 28 12 83
17 28 12 83
18 28 12 83
19 28 12 83
20 28 12 83
21 28 12 83
22 28 12 83
23 28 12 83
24 28 12 83
25 28 12 83
26 28 12 83
27 28 12 83
28 28 12 83
29 28 12 83
30 28 12 83
31 28 12 83
32 28 12 83
33 28 12 83
34 28 12 83
35 28 12 83
36 28 12 83
37 28 12 83
38 28 12 83
39 28 12 83
40 28 12 83
41 28 12 83
42 28 12 83
43 28 12 83
44 28 12 83
45 28 12 83
46 28 12 83
47 28 12 83
48 28 12 83
49 28 12 83
50 28 12 83
51 28 12 83
52 28 12 83
53 28 12 83
54 28 12 83
55 28 12 83
56 28 12 83
57 28 12 83
58 28 12 83
59 28 12 83
60 28 12 83
61 28 12 83
62 28 12 83
63 28 12 83
64 28 12 83
65 28 12 83
