0.0 49.79 49.24 14.78
1.0 52.31 49.73 12.78
2.0 49.77 46.64 13.54
3.0 48.48 46.96 13.26
4.0 47.74 47.02 12.91
5.0 42.85 44.87 11.68
6.0 42.52 45.44 10.58
7.0 43.24 42.42 10.57
8.0 42.24 46.82 9.75
9.0 40.36 45.97 10.92
10.0 36.80 43.23 12.41
11.0 36.81 45.80 11.93
12.0 33.96 43.02 12.69
13.0 32.54 44.24 11.48
14.0 30.72 46.91 10.18
15.0 28.87 48.18 11.24
16.0 32.94 51.18 9.53
17.0 31.37 48.54 10.93
18.0 28.26 46.60 9.89
19.0 27.35 50.71 8.23
20.0 31.33 55.54 6.46
21.0 33.57 58.82 6.75
22.0 29.04 61.36 5.09
23.0 25.13 58.02 4.87
24.0 22.90 59.25 4.85
25.0 27.01 57.56 4.06
26.0 25.15 62.23 2.35
27.0 22.15 61.94 3.71
28.0 18.91 63.85 3.05
29.0 19.52 60.57 2.68
30.0 19.58 60.32 3.03
31.0 19.83 60.47 1.84
32.0 17.46 58.24 0.76
33.0 19.32 54.65 0.94
34.0 23.28 55.99 0.00
35.0 20.28 51.11 0.00
36.0 22.10 51.81 1.11
37.0 18.68 48.37 1.17
38.0 17.85 48.91 1.38
39.0 19.45 47.19 0.00
40.0 20.76 47.11 0.62
41.0 18.61 51.41 0.00
42.0 16.64 54.55 0.00
43.0 12.78 50.72 0.40
44.0 14.67 54.02 2.36
45.0 13.12 50.67 0.66
46.0 16.58 55.50 1.47
47.0 13.10 59.58 0.00
48.0 8.96 61.88 0.00
49.0 7.58 60.20 0.00
50.0 9.74 59.71 1.63
51.0 5.58 61.65 2.43
52.0 1.22 59.65 1.50
53.0 0.40 58.68 2.79
54.0 5.35 55.40 3.57
55.0 8.28 57.72 4.05
56.0 9.29 56.99 3.43
57.0 12.15 59.70 4.54
58.0 15.16 58.21 4.58
59.0 18.88 60.28 3.71
60.0 21.65 61.72 5.56
