0 12 28 31
1 12 28 31
2 12 28 31
3 12 28 31
4 12 28 31
5 12 28 31
6 12 28 31
7 12 28 31
8 12 28 31
9 12 28 31
10 12 28 31
11 12 28 31
12 12 28 31
13 12 28 31
14 12 28 31
15 12 28 31
16 12 28 31
17 12 28 31
18 12 28 31
19 12 28 31
20 12 28 31
21 12 28 31
22 12 28 31
23 12 28 31
24 12 28 31
25 12 28 31
26 12 28 31
27 12 28 31
28 12 28 31
29 12 28 31
30 12 28 31
31 12 28 31
32 12 28 31
33 12 28 31
34 12 28 31
35 12 28 31
36 12 28 31
37 12 28 31
38 12 28 31
39 12 28 31
40 12 28 31
41 12 28 31
42 12 28 31
43 12 28 31
44 12 28 31
45 12 28 31
46 12 28 31
47 12 28 31
48 12 28 31
49 12 28 31
50 12 28 31
51 12 28 31
52 12 28 31
53 12 28 31
54 12 28 31
55 12 28 31
56 12 28 31
57 12 28 31
58 12 28 31
59 12 28 31
60 12 28 31
61 12 28 31
62 12 28 31
63 12 28 31
64 12 28 31
65 12 28 31
