0 28 40 31
1 28 40 31
2 28 40 31
3 28 40 31
4 28 40 31
5 28 40 31
6 28 40 31
7 28 40 31
8 28 40 31
9 28 40 31
10 28 40 31
11 28 40 31
12 28 40 31
13 28 40 31
14 28 40 31
15 28 40 31
16 28 40 31
17 28 40 31
18 28 40 31
19 28 40 31
20 28 40 31
21 28 40 31
22 28 40 31
23 28 40 31
24 28 40 31
25 28 40 31
26 28 40 31
27 28 40 31
28 28 40 31
29 28 40 31
30 28 40 31
31 28 40 31
32 28 40 31
33 28 40 31
34 28 40 31
35 28 40 31
36 28 40 31
37 28 40 31
38 28 40 31
39 28 40 31
40 28 40 31
41 28 40 31
42 28 40 31
43 28 40 31
44 28 40 31
45 28 40 31
46 28 40 31
47 28 40 31
48 28 40 31
49 28 40 31
50 28 40 31
51 28 40 31
52 28 40 31
53 28 40 31
54 28 40 31
55 28 40 31
56 28 40 31
57 28 40 31
58 28 40 31
59 28 40 31
60 28 40 31
61 28 40 31
62 28 40 31
63 28 40 31
64 28 40 31
65 28 40 31
