0 35 40 81
1 35 40 81
2 35 40 81
3 35 40 81
4 35 40 81
5 35 40 81
6 35 40 81
7 35 40 81
8 35 40 81
9 35 40 81
10 35 40 81
11 35 40 81
12 35 40 81
13 35 40 81
14 35 40 81
15 35 40 81
16 35 40 81
17 35 40 81
18 35 40 81
19 35 40 81
20 35 40 81
21 35 40 81
22 35 40 81
23 35 40 81
24 35 40 81
25 35 40 81
26 35 40 81
27 35 40 81
28 35 40 81
29 35 40 81
30 35 40 81
31 35 40 81
32 35 40 81
33 35 40 81
34 35 40 81
35 35 40 81
36 35 40 81
37 35 40 81
38 35 40 81
39 35 40 81
40 35 40 81
41 35 40 81
42 35 40 81
43 35 40 81
44 35 40 81
45 35 40 81
46 35 40 81
47 35 40 81
48 35 40 81
49 35 40 81
50 35 40 81
51 35 40 81
52 35 40 81
53 35 40 81
54 35 40 81
55 35 40 81
56 35 40 81
57 35 40 81
58 35 40 81
59 35 40 81
60 35 40 81
61 35 40 81
62 35 40 81
63 35 40 81
64 35 40 81
65 35 40 81
