0 34 26 47
1 34 26 47
2 34 26 47
3 34 26 47
4 34 26 47
5 34 26 47
6 34 26 47
7 34 26 47
8 34 26 47
9 34 26 47
10 34 26 47
11 34 26 47
12 34 26 47
13 34 26 47
14 34 26 47
15 34 26 47
16 34 26 47
17 34 26 47
18 34 26 47
19 34 26 47
20 34 26 47
21 34 26 47
22 34 26 47
23 34 26 47
24 34 26 47
25 34 26 47
26 34 26 47
27 34 26 47
28 34 26 47
29 34 26 47
30 34 26 47
31 34 26 47
32 34 26 47
33 34 26 47
34 34 26 47
35 34 26 47
36 34 26 47
37 34 26 47
38 34 26 47
39 34 26 47
40 34 26 47
41 34 26 47
42 34 26 47
43 34 26 47
44 34 26 47
45 34 26 47
46 34 26 47
47 34 26 47
48 34 26 47
49 34 26 47
50 34 26 47
51 34 26 47
52 34 26 47
53 34 26 47
54 34 26 47
55 34 26 47
56 34 26 47
57 34 26 47
58 34 26 47
59 34 26 47
60 34 26 47
61 34 26 47
62 34 26 47
63 34 26 47
64 34 26 47
65 34 26 47
