0.0 49.12 22.34 3.54
1.0 44.39 17.40 3.48
2.0 44.98 13.96 5.00
3.0 44.68 9.56 3.20
4.0 41.83 9.58 2.59
5.0 40.14 12.48 4.29
6.0 42.11 10.71 5.45
7.0 45.01 13.16 5.08
8.0 44.36 9.69 6.81
9.0 41.36 12.16 5.55
10.0 45.05 13.53 7.00
11.0 43.07 12.54 7.51
12.0 47.43 17.13 6.63
13.0 48.15 14.10 7.31
14.0 47.19 10.83 8.10
15.0 43.09 5.96 7.16
16.0 40.02 6.61 5.29
17.0 44.33 4.94 6.32
18.0 40.45 0.00 6.50
19.0 45.36 0.00 5.16
20.0 46.94 0.00 6.88
21.0 50.74 0.00 5.18
22.0 45.98 0.63 3.84
23.0 48.70 0.00 1.95
24.0 52.70 1.60 3.46
25.0 50.52 0.00 3.21
26.0 49.66 1.13 2.80
27.0 49.22 2.61 3.23
28.0 47.47 7.22 4.52
29.0 43.40 4.70 3.49
30.0 48.11 3.56 4.89
31.0 52.35 0.32 4.32
32.0 55.50 0.41 4.39
33.0 54.83 3.61 4.29
34.0 51.59 6.99 3.48
35.0 47.68 10.53 2.78
36.0 50.81 5.72 4.74
37.0 55.34 6.87 5.05
38.0 58.21 6.82 3.60
39.0 58.27 11.07 1.83
40.0 56.69 9.77 2.30
41.0 57.40 12.34 3.69
42.0 58.40 7.92 4.06
43.0 59.10 9.02 4.07
44.0 62.52 11.58 5.50
45.0 58.17 14.88 7.22
46.0 56.30 16.19 5.43
47.0 55.09 12.99 3.52
48.0 55.64 9.28 4.39
49.0 57.46 6.42 6.35
50.0 60.04 10.27 5.46
51.0 56.71 7.92 4.61
52.0 56.34 10.98 4.02
53.0 61.02 13.15 4.39
54.0 63.95 9.23 4.43
55.0 68.09 10.75 4.01
56.0 67.28 14.50 4.45
57.0 68.23 15.64 2.92
58.0 72.13 18.88 4.59
59.0 72.69 20.03 5.20
60.0 73.23 20.19 3.21
