0 28 43 31
1 28 43 31
2 28 43 31
3 28 43 31
4 28 43 31
5 28 43 31
6 28 43 31
7 28 43 31
8 28 43 31
9 28 43 31
10 28 43 31
11 28 43 31
12 28 43 31
13 28 43 31
14 28 43 31
15 28 43 31
16 28 43 31
17 28 43 31
18 28 43 31
19 28 43 31
20 28 43 31
21 28 43 31
22 28 43 31
23 28 43 31
24 28 43 31
25 28 43 31
26 28 43 31
27 28 43 31
28 28 43 31
29 28 43 31
30 28 43 31
31 28 43 31
32 28 43 31
33 28 43 31
34 28 43 31
35 28 43 31
36 28 43 31
37 28 43 31
38 28 43 31
39 28 43 31
40 28 43 31
41 28 43 31
42 28 43 31
43 28 43 31
44 28 43 31
45 28 43 31
46 28 43 31
47 28 43 31
48 28 43 31
49 28 43 31
50 28 43 31
51 28 43 31
52 28 43 31
53 28 43 31
54 28 43 31
55 28 43 31
56 28 43 31
57 28 43 31
58 28 43 31
59 28 43 31
60 28 43 31
61 28 43 31
62 28 43 31
63 28 43 31
64 28 43 31
65 28 43 31
