0 14 28 76
1 14 28 76
2 14 28 76
3 14 28 76
4 14 28 76
5 14 28 76
6 14 28 76
7 14 28 76
8 14 28 76
9 14 28 76
10 14 28 76
11 14 28 76
12 14 28 76
13 14 28 76
14 14 28 76
15 14 28 76
16 14 28 76
17 14 28 76
18 14 28 76
19 14 28 76
20 14 28 76
21 14 28 76
22 14 28 76
23 14 28 76
24 14 28 76
25 14 28 76
26 14 28 76
27 14 28 76
28 14 28 76
29 14 28 76
30 14 28 76
31 14 28 76
32 14 28 76
33 14 28 76
34 14 28 76
35 14 28 76
36 14 28 76
37 14 28 76
38 14 28 76
39 14 28 76
40 14 28 76
41 14 28 76
42 14 28 76
43 14 28 76
44 14 28 76
45 14 28 76
46 14 28 76
47 14 28 76
48 14 28 76
49 14 28 76
50 14 28 76
51 14 28 76
52 14 28 76
53 14 28 76
54 14 28 76
55 14 28 76
56 14 28 76
57 14 28 76
58 14 28 76
59 14 28 76
60 14 28 76
61 14 28 76
62 14 28 76
63 14 28 76
64 14 28 76
65 14 28 76
