0 15 24 65
1 15 24 65
2 15 24 65
3 15 24 65
4 15 24 65
5 15 24 65
6 15 24 65
7 15 24 65
8 15 24 65
9 15 24 65
10 15 24 65
11 15 24 65
12 15 24 65
13 15 24 65
14 15 24 65
15 15 24 65
16 15 24 65
17 15 24 65
18 15 24 65
19 15 24 65
20 15 24 65
21 15 24 65
22 15 24 65
23 15 24 65
24 15 24 65
25 15 24 65
26 15 24 65
27 15 24 65
28 15 24 65
29 15 24 65
30 15 24 65
31 15 24 65
32 15 24 65
33 15 24 65
34 15 24 65
35 15 24 65
36 15 24 65
37 15 24 65
38 15 24 65
39 15 24 65
40 15 24 65
41 15 24 65
42 15 24 65
43 15 24 65
44 15 24 65
45 15 24 65
46 15 24 65
47 15 24 65
48 15 24 65
49 15 24 65
50 15 24 65
51 15 24 65
52 15 24 65
53 15 24 65
54 15 24 65
55 15 24 65
56 15 24 65
57 15 24 65
58 15 24 65
59 15 24 65
60 15 24 65
61 15 24 65
62 15 24 65
63 15 24 65
64 15 24 65
65 15 24 65
