0 25 40 31
1 25 40 31
2 25 40 31
3 25 40 31
4 25 40 31
5 25 40 31
6 25 40 31
7 25 40 31
8 25 40 31
9 25 40 31
10 25 40 31
11 25 40 31
12 25 40 31
13 25 40 31
14 25 40 31
15 25 40 31
16 25 40 31
17 25 40 31
18 25 40 31
19 25 40 31
20 25 40 31
21 25 40 31
22 25 40 31
23 25 40 31
24 25 40 31
25 25 40 31
26 25 40 31
27 25 40 31
28 25 40 31
29 25 40 31
30 25 40 31
31 25 40 31
32 25 40 31
33 25 40 31
34 25 40 31
35 25 40 31
36 25 40 31
37 25 40 31
38 25 40 31
39 25 40 31
40 25 40 31
41 25 40 31
42 25 40 31
43 25 40 31
44 25 40 31
45 25 40 31
46 25 40 31
47 25 40 31
48 25 40 31
49 25 40 31
50 25 40 31
51 25 40 31
52 25 40 31
53 25 40 31
54 25 40 31
55 25 40 31
56 25 40 31
57 25 40 31
58 25 40 31
59 25 40 31
60 25 40 31
61 25 40 31
62 25 40 31
63 25 40 31
64 25 40 31
65 25 40 31
