0 29 37 72
1 29 37 72
2 29 37 72
3 29 37 72
4 29 37 72
5 29 37 72
6 29 37 72
7 29 37 72
8 29 37 72
9 29 37 72
10 29 37 72
11 29 37 72
12 29 37 72
13 29 37 72
14 29 37 72
15 29 37 72
16 29 37 72
17 29 37 72
18 29 37 72
19 29 37 72
20 29 37 72
21 29 37 72
22 29 37 72
23 29 37 72
24 29 37 72
25 29 37 72
26 29 37 72
27 29 37 72
28 29 37 72
29 29 37 72
30 29 37 72
31 29 37 72
32 29 37 72
33 29 37 72
34 29 37 72
35 29 37 72
36 29 37 72
37 29 37 72
38 29 37 72
39 29 37 72
40 29 37 72
41 29 37 72
42 29 37 72
43 29 37 72
44 29 37 72
45 29 37 72
46 29 37 72
47 29 37 72
48 29 37 72
49 29 37 72
50 29 37 72
51 29 37 72
52 29 37 72
53 29 37 72
54 29 37 72
55 29 37 72
56 29 37 72
57 29 37 72
58 29 37 72
59 29 37 72
60 29 37 72
61 29 37 72
62 29 37 72
63 29 37 72
64 29 37 72
65 29 37 72
