0 14 36 31
1 14 36 31
2 14 36 31
3 14 36 31
4 14 36 31
5 14 36 31
6 14 36 31
7 14 36 31
8 14 36 31
9 14 36 31
10 14 36 31
11 14 36 31
12 14 36 31
13 14 36 31
14 14 36 31
15 14 36 31
16 14 36 31
17 14 36 31
18 14 36 31
19 14 36 31
20 14 36 31
21 14 36 31
22 14 36 31
23 14 36 31
24 14 36 31
25 14 36 31
26 14 36 31
27 14 36 31
28 14 36 31
29 14 36 31
30 14 36 31
31 14 36 31
32 14 36 31
33 14 36 31
34 14 36 31
35 14 36 31
36 14 36 31
37 14 36 31
38 14 36 31
39 14 36 31
40 14 36 31
41 14 36 31
42 14 36 31
43 14 36 31
44 14 36 31
45 14 36 31
46 14 36 31
47 14 36 31
48 14 36 31
49 14 36 31
50 14 36 31
51 14 36 31
52 14 36 31
53 14 36 31
54 14 36 31
55 14 36 31
56 14 36 31
57 14 36 31
58 14 36 31
59 14 36 31
60 14 36 31
61 14 36 31
62 14 36 31
63 14 36 31
64 14 36 31
65 14 36 31
