0 22 37 92
1 22 37 92
2 22 37 92
3 22 37 92
4 22 37 92
5 22 37 92
6 22 37 92
7 22 37 92
8 22 37 92
9 22 37 92
10 22 37 92
11 22 37 92
12 22 37 92
13 22 37 92
14 22 37 92
15 22 37 92
16 22 37 92
17 22 37 92
18 22 37 92
19 22 37 92
20 22 37 92
21 22 37 92
22 22 37 92
23 22 37 92
24 22 37 92
25 22 37 92
26 22 37 92
27 22 37 92
28 22 37 92
29 22 37 92
30 22 37 92
31 22 37 92
32 22 37 92
33 22 37 92
34 22 37 92
35 22 37 92
36 22 37 92
37 22 37 92
38 22 37 92
39 22 37 92
40 22 37 92
41 22 37 92
42 22 37 92
43 22 37 92
44 22 37 92
45 22 37 92
46 22 37 92
47 22 37 92
48 22 37 92
49 22 37 92
50 22 37 92
51 22 37 92
52 22 37 92
53 22 37 92
54 22 37 92
55 22 37 92
56 22 37 92
57 22 37 92
58 22 37 92
59 22 37 92
60 22 37 92
61 22 37 92
62 22 37 92
63 22 37 92
64 22 37 92
65 22 37 92
