0 11 28 64
1 11 28 64
2 11 28 64
3 11 28 64
4 11 28 64
5 11 28 64
6 11 28 64
7 11 28 64
8 11 28 64
9 11 28 64
10 11 28 64
11 11 28 64
12 11 28 64
13 11 28 64
14 11 28 64
15 11 28 64
16 11 28 64
17 11 28 64
18 11 28 64
19 11 28 64
20 11 28 64
21 11 28 64
22 11 28 64
23 11 28 64
24 11 28 64
25 11 28 64
26 11 28 64
27 11 28 64
28 11 28 64
29 11 28 64
30 11 28 64
31 11 28 64
32 11 28 64
33 11 28 64
34 11 28 64
35 11 28 64
36 11 28 64
37 11 28 64
38 11 28 64
39 11 28 64
40 11 28 64
41 11 28 64
42 11 28 64
43 11 28 64
44 11 28 64
45 11 28 64
46 11 28 64
47 11 28 64
48 11 28 64
49 11 28 64
50 11 28 64
51 11 28 64
52 11 28 64
53 11 28 64
54 11 28 64
55 11 28 64
56 11 28 64
57 11 28 64
58 11 28 64
59 11 28 64
60 11 28 64
61 11 28 64
62 11 28 64
63 11 28 64
64 11 28 64
65 11 28 64
