0 26 23 96
1 26 23 96
2 26 23 96
3 26 23 96
4 26 23 96
5 26 23 96
6 26 23 96
7 26 23 96
8 26 23 96
9 26 23 96
10 26 23 96
11 26 23 96
12 26 23 96
13 26 23 96
14 26 23 96
15 26 23 96
16 26 23 96
17 26 23 96
18 26 23 96
19 26 23 96
20 26 23 96
21 26 23 96
22 26 23 96
23 26 23 96
24 26 23 96
25 26 23 96
26 26 23 96
27 26 23 96
28 26 23 96
29 26 23 96
30 26 23 96
31 26 23 96
32 26 23 96
33 26 23 96
34 26 23 96
35 26 23 96
36 26 23 96
37 26 23 96
38 26 23 96
39 26 23 96
40 26 23 96
41 26 23 96
42 26 23 96
43 26 23 96
44 26 23 96
45 26 23 96
46 26 23 96
47 26 23 96
48 26 23 96
49 26 23 96
50 26 23 96
51 26 23 96
52 26 23 96
53 26 23 96
54 26 23 96
55 26 23 96
56 26 23 96
57 26 23 96
58 26 23 96
59 26 23 96
60 26 23 96
61 26 23 96
62 26 23 96
63 26 23 96
64 26 23 96
65 26 23 96
