0 32 26 68
1 32 26 68
2 32 26 68
3 32 26 68
4 32 26 68
5 32 26 68
6 32 26 68
7 32 26 68
8 32 26 68
9 32 26 68
10 32 26 68
11 32 26 68
12 32 26 68
13 32 26 68
14 32 26 68
15 32 26 68
16 32 26 68
17 32 26 68
18 32 26 68
19 32 26 68
20 32 26 68
21 32 26 68
22 32 26 68
23 32 26 68
24 32 26 68
25 32 26 68
26 32 26 68
27 32 26 68
28 32 26 68
29 32 26 68
30 32 26 68
31 32 26 68
32 32 26 68
33 32 26 68
34 32 26 68
35 32 26 68
36 32 26 68
37 32 26 68
38 32 26 68
39 32 26 68
40 32 26 68
41 32 26 68
42 32 26 68
43 32 26 68
44 32 26 68
45 32 26 68
46 32 26 68
47 32 26 68
48 32 26 68
49 32 26 68
50 32 26 68
51 32 26 68
52 32 26 68
53 32 26 68
54 32 26 68
55 32 26 68
56 32 26 68
57 32 26 68
58 32 26 68
59 32 26 68
60 32 26 68
61 32 26 68
62 32 26 68
63 32 26 68
64 32 26 68
65 32 26 68
