0 24 19 3
1 24 19 3
2 24 19 3
3 24 19 3
4 24 19 3
5 24 19 3
6 24 19 3
7 24 19 3
8 24 19 3
9 24 19 3
10 24 19 3
11 24 19 3
12 24 19 3
13 24 19 3
14 24 19 3
15 24 19 3
16 24 19 3
17 24 19 3
18 24 19 3
19 24 19 3
20 24 19 3
21 24 19 3
22 24 19 3
23 24 19 3
24 24 19 3
25 24 19 3
26 24 19 3
27 24 19 3
28 24 19 3
29 24 19 3
30 24 19 3
31 24 19 3
32 24 19 3
33 24 19 3
34 24 19 3
35 24 19 3
36 24 19 3
37 24 19 3
38 24 19 3
39 24 19 3
40 24 19 3
41 24 19 3
42 24 19 3
43 24 19 3
44 24 19 3
45 24 19 3
46 24 19 3
47 24 19 3
48 24 19 3
49 24 19 3
50 24 19 3
51 24 19 3
52 24 19 3
53 24 19 3
54 24 19 3
55 24 19 3
56 24 19 3
57 24 19 3
58 24 19 3
59 24 19 3
60 24 19 3
61 24 19 3
62 24 19 3
63 24 19 3
64 24 19 3
65 24 19 3
