0 18 26 68
1 18 26 68
2 18 26 68
3 18 26 68
4 18 26 68
5 18 26 68
6 18 26 68
7 18 26 68
8 18 26 68
9 18 26 68
10 18 26 68
11 18 26 68
12 18 26 68
13 18 26 68
14 18 26 68
15 18 26 68
16 18 26 68
17 18 26 68
18 18 26 68
19 18 26 68
20 18 26 68
21 18 26 68
22 18 26 68
23 18 26 68
24 18 26 68
25 18 26 68
26 18 26 68
27 18 26 68
28 18 26 68
29 18 26 68
30 18 26 68
31 18 26 68
32 18 26 68
33 18 26 68
34 18 26 68
35 18 26 68
36 18 26 68
37 18 26 68
38 18 26 68
39 18 26 68
40 18 26 68
41 18 26 68
42 18 26 68
43 18 26 68
44 18 26 68
45 18 26 68
46 18 26 68
47 18 26 68
48 18 26 68
49 18 26 68
50 18 26 68
51 18 26 68
52 18 26 68
53 18 26 68
54 18 26 68
55 18 26 68
56 18 26 68
57 18 26 68
58 18 26 68
59 18 26 68
60 18 26 68
61 18 26 68
62 18 26 68
63 18 26 68
64 18 26 68
65 18 26 68
