0 24 17 92
1 24 17 92
2 24 17 92
3 24 17 92
4 24 17 92
5 24 17 92
6 24 17 92
7 24 17 92
8 24 17 92
9 24 17 92
10 24 17 92
11 24 17 92
12 24 17 92
13 24 17 92
14 24 17 92
15 24 17 92
16 24 17 92
17 24 17 92
18 24 17 92
19 24 17 92
20 24 17 92
21 24 17 92
22 24 17 92
23 24 17 92
24 24 17 92
25 24 17 92
26 24 17 92
27 24 17 92
28 24 17 92
29 24 17 92
30 24 17 92
31 24 17 92
32 24 17 92
33 24 17 92
34 24 17 92
35 24 17 92
36 24 17 92
37 24 17 92
38 24 17 92
39 24 17 92
40 24 17 92
41 24 17 92
42 24 17 92
43 24 17 92
44 24 17 92
45 24 17 92
46 24 17 92
47 24 17 92
48 24 17 92
49 24 17 92
50 24 17 92
51 24 17 92
52 24 17 92
53 24 17 92
54 24 17 92
55 24 17 92
56 24 17 92
57 24 17 92
58 24 17 92
59 24 17 92
60 24 17 92
61 24 17 92
62 24 17 92
63 24 17 92
64 24 17 92
65 24 17 92
