0 33 33 95
1 33 33 95
2 33 33 95
3 33 33 95
4 33 33 95
5 33 33 95
6 33 33 95
7 33 33 95
8 33 33 95
9 33 33 95
10 33 33 95
11 33 33 95
12 33 33 95
13 33 33 95
14 33 33 95
15 33 33 95
16 33 33 95
17 33 33 95
18 33 33 95
19 33 33 95
20 33 33 95
21 33 33 95
22 33 33 95
23 33 33 95
24 33 33 95
25 33 33 95
26 33 33 95
27 33 33 95
28 33 33 95
29 33 33 95
30 33 33 95
31 33 33 95
32 33 33 95
33 33 33 95
34 33 33 95
35 33 33 95
36 33 33 95
37 33 33 95
38 33 33 95
39 33 33 95
40 33 33 95
41 33 33 95
42 33 33 95
43 33 33 95
44 33 33 95
45 33 33 95
46 33 33 95
47 33 33 95
48 33 33 95
49 33 33 95
50 33 33 95
51 33 33 95
52 33 33 95
53 33 33 95
54 33 33 95
55 33 33 95
56 33 33 95
57 33 33 95
58 33 33 95
59 33 33 95
60 33 33 95
61 33 33 95
62 33 33 95
63 33 33 95
64 33 33 95
65 33 33 95
