0.0 14.14 82.28 7.81
1.0 10.75 86.67 9.65
2.0 5.95 81.83 9.25
3.0 8.24 83.27 9.87
4.0 11.59 83.05 8.51
5.0 7.52 82.09 8.44
6.0 12.35 77.39 9.33
7.0 16.99 81.63 9.26
8.0 17.00 83.14 9.18
9.0 19.49 83.71 10.41
10.0 24.12 83.05 9.46
11.0 21.18 79.68 9.03
12.0 22.06 75.83 9.85
13.0 22.56 79.89 8.23
14.0 20.39 80.29 6.83
15.0 18.71 79.62 8.77
16.0 22.00 80.05 10.18
17.0 24.10 79.58 11.69
18.0 20.37 83.12 11.79
19.0 17.25 87.59 10.41
20.0 21.29 82.88 9.91
21.0 19.13 78.28 10.66
22.0 14.21 75.08 10.15
23.0 11.14 78.75 11.84
24.0 7.52 75.61 13.14
25.0 3.33 76.25 12.84
26.0 2.61 71.51 14.35
27.0 1.44 71.86 15.08
28.0 5.59 75.14 14.16
29.0 2.43 72.67 13.40
30.0 4.97 67.87 12.68
31.0 5.11 64.30 11.22
32.0 9.07 67.36 9.92
33.0 10.43 64.56 9.92
34.0 10.62 59.61 9.30
35.0 13.57 61.78 11.10
36.0 16.23 63.08 10.60
37.0 13.34 59.75 9.68
38.0 12.91 57.12 8.13
39.0 9.10 60.44 9.83
40.0 12.72 63.91 8.56
41.0 15.07 66.79 10.10
42.0 17.86 63.51 10.21
43.0 19.39 67.74 8.71
44.0 20.74 63.69 10.38
45.0 22.77 65.77 10.02
46.0 24.06 63.77 8.28
47.0 23.73 66.89 7.23
48.0 19.30 65.92 5.35
49.0 21.16 64.58 6.57
50.0 19.63 63.60 7.79
51.0 18.60 63.55 9.22
52.0 19.17 60.09 9.74
53.0 17.80 62.66 8.55
54.0 14.13 62.61 8.19
55.0 9.73 64.96 7.02
56.0 12.53 62.24 6.49
57.0 13.90 66.12 5.65
58.0 14.37 70.38 7.54
59.0 17.16 74.70 6.06
60.0 14.79 76.86 7.14
