0 28 28 3
1 28 28 3
2 28 28 3
3 28 28 3
4 28 28 3
5 28 28 3
6 28 28 3
7 28 28 3
8 28 28 3
9 28 28 3
10 28 28 3
11 28 28 3
12 28 28 3
13 28 28 3
14 28 28 3
15 28 28 3
16 28 28 3
17 28 28 3
18 28 28 3
19 28 28 3
20 28 28 3
21 28 28 3
22 28 28 3
23 28 28 3
24 28 28 3
25 28 28 3
26 28 28 3
27 28 28 3
28 28 28 3
29 28 28 3
30 28 28 3
31 28 28 3
32 28 28 3
33 28 28 3
34 28 28 3
35 28 28 3
36 28 28 3
37 28 28 3
38 28 28 3
39 28 28 3
40 28 28 3
41 28 28 3
42 28 28 3
43 28 28 3
44 28 28 3
45 28 28 3
46 28 28 3
47 28 28 3
48 28 28 3
49 28 28 3
50 28 28 3
51 28 28 3
52 28 28 3
53 28 28 3
54 28 28 3
55 28 28 3
56 28 28 3
57 28 28 3
58 28 28 3
59 28 28 3
60 28 28 3
61 28 28 3
62 28 28 3
63 28 28 3
64 28 28 3
65 28 28 3
