0 23 30 68
1 23 30 68
2 23 30 68
3 23 30 68
4 23 30 68
5 23 30 68
6 23 30 68
7 23 30 68
8 23 30 68
9 23 30 68
10 23 30 68
11 23 30 68
12 23 30 68
13 23 30 68
14 23 30 68
15 23 30 68
16 23 30 68
17 23 30 68
18 23 30 68
19 23 30 68
20 23 30 68
21 23 30 68
22 23 30 68
23 23 30 68
24 23 30 68
25 23 30 68
26 23 30 68
27 23 30 68
28 23 30 68
29 23 30 68
30 23 30 68
31 23 30 68
32 23 30 68
33 23 30 68
34 23 30 68
35 23 30 68
36 23 30 68
37 23 30 68
38 23 30 68
39 23 30 68
40 23 30 68
41 23 30 68
42 23 30 68
43 23 30 68
44 23 30 68
45 23 30 68
46 23 30 68
47 23 30 68
48 23 30 68
49 23 30 68
50 23 30 68
51 23 30 68
52 23 30 68
53 23 30 68
54 23 30 68
55 23 30 68
56 23 30 68
57 23 30 68
58 23 30 68
59 23 30 68
60 23 30 68
61 23 30 68
62 23 30 68
63 23 30 68
64 23 30 68
65 23 30 68
