0 21 24 47
1 21 24 47
2 21 24 47
3 21 24 47
4 21 24 47
5 21 24 47
6 21 24 47
7 21 24 47
8 21 24 47
9 21 24 47
10 21 24 47
11 21 24 47
12 21 24 47
13 21 24 47
14 21 24 47
15 21 24 47
16 21 24 47
17 21 24 47
18 21 24 47
19 21 24 47
20 21 24 47
21 21 24 47
22 21 24 47
23 21 24 47
24 21 24 47
25 21 24 47
26 21 24 47
27 21 24 47
28 21 24 47
29 21 24 47
30 21 24 47
31 21 24 47
32 21 24 47
33 21 24 47
34 21 24 47
35 21 24 47
36 21 24 47
37 21 24 47
38 21 24 47
39 21 24 47
40 21 24 47
41 21 24 47
42 21 24 47
43 21 24 47
44 21 24 47
45 21 24 47
46 21 24 47
47 21 24 47
48 21 24 47
49 21 24 47
50 21 24 47
51 21 24 47
52 21 24 47
53 21 24 47
54 21 24 47
55 21 24 47
56 21 24 47
57 21 24 47
58 21 24 47
59 21 24 47
60 21 24 47
61 21 24 47
62 21 24 47
63 21 24 47
64 21 24 47
65 21 24 47
