0 26 22 67
1 26 22 67
2 26 22 67
3 26 22 67
4 26 22 67
5 26 22 67
6 26 22 67
7 26 22 67
8 26 22 67
9 26 22 67
10 26 22 67
11 26 22 67
12 26 22 67
13 26 22 67
14 26 22 67
15 26 22 67
16 26 22 67
17 26 22 67
18 26 22 67
19 26 22 67
20 26 22 67
21 26 22 67
22 26 22 67
23 26 22 67
24 26 22 67
25 26 22 67
26 26 22 67
27 26 22 67
28 26 22 67
29 26 22 67
30 26 22 67
31 26 22 67
32 26 22 67
33 26 22 67
34 26 22 67
35 26 22 67
36 26 22 67
37 26 22 67
38 26 22 67
39 26 22 67
40 26 22 67
41 26 22 67
42 26 22 67
43 26 22 67
44 26 22 67
45 26 22 67
46 26 22 67
47 26 22 67
48 26 22 67
49 26 22 67
50 26 22 67
51 26 22 67
52 26 22 67
53 26 22 67
54 26 22 67
55 26 22 67
56 26 22 67
57 26 22 67
58 26 22 67
59 26 22 67
60 26 22 67
61 26 22 67
62 26 22 67
63 26 22 67
64 26 22 67
65 26 22 67
