0 21 24 56
1 21 24 56
2 21 24 56
3 21 24 56
4 21 24 56
5 21 24 56
6 21 24 56
7 21 24 56
8 21 24 56
9 21 24 56
10 21 24 56
11 21 24 56
12 21 24 56
13 21 24 56
14 21 24 56
15 21 24 56
16 21 24 56
17 21 24 56
18 21 24 56
19 21 24 56
20 21 24 56
21 21 24 56
22 21 24 56
23 21 24 56
24 21 24 56
25 21 24 56
26 21 24 56
27 21 24 56
28 21 24 56
29 21 24 56
30 21 24 56
31 21 24 56
32 21 24 56
33 21 24 56
34 21 24 56
35 21 24 56
36 21 24 56
37 21 24 56
38 21 24 56
39 21 24 56
40 21 24 56
41 21 24 56
42 21 24 56
43 21 24 56
44 21 24 56
45 21 24 56
46 21 24 56
47 21 24 56
48 21 24 56
49 21 24 56
50 21 24 56
51 21 24 56
52 21 24 56
53 21 24 56
54 21 24 56
55 21 24 56
56 21 24 56
57 21 24 56
58 21 24 56
59 21 24 56
60 21 24 56
61 21 24 56
62 21 24 56
63 21 24 56
64 21 24 56
65 21 24 56
