0.0 53.72 15.62 15.41
1.0 48.91 18.71 15.00
2.0 45.43 15.91 13.63
3.0 44.06 15.34 14.88
4.0 44.11 16.36 16.26
5.0 45.18 14.74 15.14
6.0 43.53 12.87 16.92
7.0 43.98 12.69 17.42
8.0 47.42 14.02 18.66
9.0 49.15 18.65 16.89
10.0 48.14 13.69 17.13
11.0 53.07 15.33 16.25
12.0 52.57 19.11 16.15
13.0 50.58 15.66 17.93
14.0 50.73 19.65 17.22
15.0 48.24 15.00 16.94
16.0 48.95 16.28 17.00
17.0 49.37 14.49 17.87
18.0 49.34 15.10 19.31
19.0 44.76 13.05 18.17
20.0 41.51 12.79 17.79
21.0 44.49 17.41 19.51
22.0 41.27 20.53 18.87
23.0 41.16 17.63 18.07
24.0 37.22 21.51 18.32
25.0 34.40 20.79 18.57
26.0 36.07 22.21 20.00
27.0 38.64 26.20 18.42
28.0 35.87 29.52 18.23
29.0 39.27 33.12 19.56
30.0 43.08 31.38 19.83
31.0 43.58 28.57 18.10
32.0 45.10 24.58 18.42
33.0 46.34 24.83 17.49
34.0 49.11 29.82 17.36
35.0 51.77 34.28 18.42
36.0 52.95 36.36 18.86
37.0 53.82 33.14 18.96
38.0 49.44 37.10 18.99
39.0 50.88 32.55 17.36
40.0 46.39 31.73 16.56
41.0 51.05 31.25 15.06
42.0 46.13 29.96 13.32
43.0 44.99 29.86 12.42
44.0 43.46 28.25 11.35
45.0 40.23 32.91 10.87
46.0 41.39 33.43 10.08
47.0 40.71 30.12 10.92
48.0 36.24 31.39 9.75
49.0 35.17 30.52 10.49
50.0 30.73 32.86 10.46
51.0 28.68 30.31 8.69
52.0 28.07 30.90 7.27
53.0 23.93 26.06 7.37
54.0 28.33 22.91 8.18
55.0 33.12 23.98 7.47
56.0 28.15 25.63 9.37
57.0 23.93 24.18 8.94
58.0 24.53 24.30 7.51
59.0 24.52 24.85 6.52
60.0 21.17 19.95 7.77
