0 37 34 61
1 37 34 61
2 37 34 61
3 37 34 61
4 37 34 61
5 37 34 61
6 37 34 61
7 37 34 61
8 37 34 61
9 37 34 61
10 37 34 61
11 37 34 61
12 37 34 61
13 37 34 61
14 37 34 61
15 37 34 61
16 37 34 61
17 37 34 61
18 37 34 61
19 37 34 61
20 37 34 61
21 37 34 61
22 37 34 61
23 37 34 61
24 37 34 61
25 37 34 61
26 37 34 61
27 37 34 61
28 37 34 61
29 37 34 61
30 37 34 61
31 37 34 61
32 37 34 61
33 37 34 61
34 37 34 61
35 37 34 61
36 37 34 61
37 37 34 61
38 37 34 61
39 37 34 61
40 37 34 61
41 37 34 61
42 37 34 61
43 37 34 61
44 37 34 61
45 37 34 61
46 37 34 61
47 37 34 61
48 37 34 61
49 37 34 61
50 37 34 61
51 37 34 61
52 37 34 61
53 37 34 61
54 37 34 61
55 37 34 61
56 37 34 61
57 37 34 61
58 37 34 61
59 37 34 61
60 37 34 61
61 37 34 61
62 37 34 61
63 37 34 61
64 37 34 61
65 37 34 61
