0 33 26 67
1 33 26 67
2 33 26 67
3 33 26 67
4 33 26 67
5 33 26 67
6 33 26 67
7 33 26 67
8 33 26 67
9 33 26 67
10 33 26 67
11 33 26 67
12 33 26 67
13 33 26 67
14 33 26 67
15 33 26 67
16 33 26 67
17 33 26 67
18 33 26 67
19 33 26 67
20 33 26 67
21 33 26 67
22 33 26 67
23 33 26 67
24 33 26 67
25 33 26 67
26 33 26 67
27 33 26 67
28 33 26 67
29 33 26 67
30 33 26 67
31 33 26 67
32 33 26 67
33 33 26 67
34 33 26 67
35 33 26 67
36 33 26 67
37 33 26 67
38 33 26 67
39 33 26 67
40 33 26 67
41 33 26 67
42 33 26 67
43 33 26 67
44 33 26 67
45 33 26 67
46 33 26 67
47 33 26 67
48 33 26 67
49 33 26 67
50 33 26 67
51 33 26 67
52 33 26 67
53 33 26 67
54 33 26 67
55 33 26 67
56 33 26 67
57 33 26 67
58 33 26 67
59 33 26 67
60 33 26 67
61 33 26 67
62 33 26 67
63 33 26 67
64 33 26 67
65 33 26 67
