0 8 23 25
1 8 23 25
2 8 23 25
3 8 23 25
4 8 23 25
5 8 23 25
6 8 23 25
7 8 23 25
8 8 23 25
9 8 23 25
10 8 23 25
11 8 23 25
12 8 23 25
13 8 23 25
14 8 23 25
15 8 23 25
16 8 23 25
17 8 23 25
18 8 23 25
19 8 23 25
20 8 23 25
21 8 23 25
22 8 23 25
23 8 23 25
24 8 23 25
25 8 23 25
26 8 23 25
27 8 23 25
28 8 23 25
29 8 23 25
30 8 23 25
31 8 23 25
32 8 23 25
33 8 23 25
34 8 23 25
35 8 23 25
36 8 23 25
37 8 23 25
38 8 23 25
39 8 23 25
40 8 23 25
41 8 23 25
42 8 23 25
43 8 23 25
44 8 23 25
45 8 23 25
46 8 23 25
47 8 23 25
48 8 23 25
49 8 23 25
50 8 23 25
51 8 23 25
52 8 23 25
53 8 23 25
54 8 23 25
55 8 23 25
56 8 23 25
57 8 23 25
58 8 23 25
59 8 23 25
60 8 23 25
61 8 23 25
62 8 23 25
63 8 23 25
64 8 23 25
65 8 23 25
