0 33 6 10
1 33 6 10
2 33 6 10
3 33 6 10
4 33 6 10
5 33 6 10
6 33 6 10
7 33 6 10
8 33 6 10
9 33 6 10
10 33 6 10
11 33 6 10
12 33 6 10
13 33 6 10
14 33 6 10
15 33 6 10
16 33 6 10
17 33 6 10
18 33 6 10
19 33 6 10
20 33 6 10
21 33 6 10
22 33 6 10
23 33 6 10
24 33 6 10
25 33 6 10
26 33 6 10
27 33 6 10
28 33 6 10
29 33 6 10
30 33 6 10
31 33 6 10
32 33 6 10
33 33 6 10
34 33 6 10
35 33 6 10
36 33 6 10
37 33 6 10
38 33 6 10
39 33 6 10
40 33 6 10
41 33 6 10
42 33 6 10
43 33 6 10
44 33 6 10
45 33 6 10
46 33 6 10
47 33 6 10
48 33 6 10
49 33 6 10
50 33 6 10
51 33 6 10
52 33 6 10
53 33 6 10
54 33 6 10
55 33 6 10
56 33 6 10
57 33 6 10
58 33 6 10
59 33 6 10
60 33 6 10
61 33 6 10
62 33 6 10
63 33 6 10
64 33 6 10
65 33 6 10
