0 26 30 67
1 26 30 67
2 26 30 67
3 26 30 67
4 26 30 67
5 26 30 67
6 26 30 67
7 26 30 67
8 26 30 67
9 26 30 67
10 26 30 67
11 26 30 67
12 26 30 67
13 26 30 67
14 26 30 67
15 26 30 67
16 26 30 67
17 26 30 67
18 26 30 67
19 26 30 67
20 26 30 67
21 26 30 67
22 26 30 67
23 26 30 67
24 26 30 67
25 26 30 67
26 26 30 67
27 26 30 67
28 26 30 67
29 26 30 67
30 26 30 67
31 26 30 67
32 26 30 67
33 26 30 67
34 26 30 67
35 26 30 67
36 26 30 67
37 26 30 67
38 26 30 67
39 26 30 67
40 26 30 67
41 26 30 67
42 26 30 67
43 26 30 67
44 26 30 67
45 26 30 67
46 26 30 67
47 26 30 67
48 26 30 67
49 26 30 67
50 26 30 67
51 26 30 67
52 26 30 67
53 26 30 67
54 26 30 67
55 26 30 67
56 26 30 67
57 26 30 67
58 26 30 67
59 26 30 67
60 26 30 67
61 26 30 67
62 26 30 67
63 26 30 67
64 26 30 67
65 26 30 67
