0 39 39 31
1 39 39 31
2 39 39 31
3 39 39 31
4 39 39 31
5 39 39 31
6 39 39 31
7 39 39 31
8 39 39 31
9 39 39 31
10 39 39 31
11 39 39 31
12 39 39 31
13 39 39 31
14 39 39 31
15 39 39 31
16 39 39 31
17 39 39 31
18 39 39 31
19 39 39 31
20 39 39 31
21 39 39 31
22 39 39 31
23 39 39 31
24 39 39 31
25 39 39 31
26 39 39 31
27 39 39 31
28 39 39 31
29 39 39 31
30 39 39 31
31 39 39 31
32 39 39 31
33 39 39 31
34 39 39 31
35 39 39 31
36 39 39 31
37 39 39 31
38 39 39 31
39 39 39 31
40 39 39 31
41 39 39 31
42 39 39 31
43 39 39 31
44 39 39 31
45 39 39 31
46 39 39 31
47 39 39 31
48 39 39 31
49 39 39 31
50 39 39 31
51 39 39 31
52 39 39 31
53 39 39 31
54 39 39 31
55 39 39 31
56 39 39 31
57 39 39 31
58 39 39 31
59 39 39 31
60 39 39 31
61 39 39 31
62 39 39 31
63 39 39 31
64 39 39 31
65 39 39 31
