0 10 45 3
1 10 45 3
2 10 45 3
3 10 45 3
4 10 45 3
5 10 45 3
6 10 45 3
7 10 45 3
8 10 45 3
9 10 45 3
10 10 45 3
11 10 45 3
12 10 45 3
13 10 45 3
14 10 45 3
15 10 45 3
16 10 45 3
17 10 45 3
18 10 45 3
19 10 45 3
20 10 45 3
21 10 45 3
22 10 45 3
23 10 45 3
24 10 45 3
25 10 45 3
26 10 45 3
27 10 45 3
28 10 45 3
29 10 45 3
30 10 45 3
31 10 45 3
32 10 45 3
33 10 45 3
34 10 45 3
35 10 45 3
36 10 45 3
37 10 45 3
38 10 45 3
39 10 45 3
40 10 45 3
41 10 45 3
42 10 45 3
43 10 45 3
44 10 45 3
45 10 45 3
46 10 45 3
47 10 45 3
48 10 45 3
49 10 45 3
50 10 45 3
51 10 45 3
52 10 45 3
53 10 45 3
54 10 45 3
55 10 45 3
56 10 45 3
57 10 45 3
58 10 45 3
59 10 45 3
60 10 45 3
61 10 45 3
62 10 45 3
63 10 45 3
64 10 45 3
65 10 45 3
