0 41 19 31
1 41 19 31
2 41 19 31
3 41 19 31
4 41 19 31
5 41 19 31
6 41 19 31
7 41 19 31
8 41 19 31
9 41 19 31
10 41 19 31
11 41 19 31
12 41 19 31
13 41 19 31
14 41 19 31
15 41 19 31
16 41 19 31
17 41 19 31
18 41 19 31
19 41 19 31
20 41 19 31
21 41 19 31
22 41 19 31
23 41 19 31
24 41 19 31
25 41 19 31
26 41 19 31
27 41 19 31
28 41 19 31
29 41 19 31
30 41 19 31
31 41 19 31
32 41 19 31
33 41 19 31
34 41 19 31
35 41 19 31
36 41 19 31
37 41 19 31
38 41 19 31
39 41 19 31
40 41 19 31
41 41 19 31
42 41 19 31
43 41 19 31
44 41 19 31
45 41 19 31
46 41 19 31
47 41 19 31
48 41 19 31
49 41 19 31
50 41 19 31
51 41 19 31
52 41 19 31
53 41 19 31
54 41 19 31
55 41 19 31
56 41 19 31
57 41 19 31
58 41 19 31
59 41 19 31
60 41 19 31
61 41 19 31
62 41 19 31
63 41 19 31
64 41 19 31
65 41 19 31
