0 22 6 4
1 22 6 4
2 22 6 4
3 22 6 4
4 22 6 4
5 22 6 4
6 22 6 4
7 22 6 4
8 22 6 4
9 22 6 4
10 22 6 4
11 22 6 4
12 22 6 4
13 22 6 4
14 22 6 4
15 22 6 4
16 22 6 4
17 22 6 4
18 22 6 4
19 22 6 4
20 22 6 4
21 22 6 4
22 22 6 4
23 22 6 4
24 22 6 4
25 22 6 4
26 22 6 4
27 22 6 4
28 22 6 4
29 22 6 4
30 22 6 4
31 22 6 4
32 22 6 4
33 22 6 4
34 22 6 4
35 22 6 4
36 22 6 4
37 22 6 4
38 22 6 4
39 22 6 4
40 22 6 4
41 22 6 4
42 22 6 4
43 22 6 4
44 22 6 4
45 22 6 4
46 22 6 4
47 22 6 4
48 22 6 4
49 22 6 4
50 22 6 4
51 22 6 4
52 22 6 4
53 22 6 4
54 22 6 4
55 22 6 4
56 22 6 4
57 22 6 4
58 22 6 4
59 22 6 4
60 22 6 4
61 22 6 4
62 22 6 4
63 22 6 4
64 22 6 4
65 22 6 4
