0 17 28 60
1 17 28 60
2 17 28 60
3 17 28 60
4 17 28 60
5 17 28 60
6 17 28 60
7 17 28 60
8 17 28 60
9 17 28 60
10 17 28 60
11 17 28 60
12 17 28 60
13 17 28 60
14 17 28 60
15 17 28 60
16 17 28 60
17 17 28 60
18 17 28 60
19 17 28 60
20 17 28 60
21 17 28 60
22 17 28 60
23 17 28 60
24 17 28 60
25 17 28 60
26 17 28 60
27 17 28 60
28 17 28 60
29 17 28 60
30 17 28 60
31 17 28 60
32 17 28 60
33 17 28 60
34 17 28 60
35 17 28 60
36 17 28 60
37 17 28 60
38 17 28 60
39 17 28 60
40 17 28 60
41 17 28 60
42 17 28 60
43 17 28 60
44 17 28 60
45 17 28 60
46 17 28 60
47 17 28 60
48 17 28 60
49 17 28 60
50 17 28 60
51 17 28 60
52 17 28 60
53 17 28 60
54 17 28 60
55 17 28 60
56 17 28 60
57 17 28 60
58 17 28 60
59 17 28 60
60 17 28 60
61 17 28 60
62 17 28 60
63 17 28 60
64 17 28 60
65 17 28 60
