0 28 14 76
1 28 14 76
2 28 14 76
3 28 14 76
4 28 14 76
5 28 14 76
6 28 14 76
7 28 14 76
8 28 14 76
9 28 14 76
10 28 14 76
11 28 14 76
12 28 14 76
13 28 14 76
14 28 14 76
15 28 14 76
16 28 14 76
17 28 14 76
18 28 14 76
19 28 14 76
20 28 14 76
21 28 14 76
22 28 14 76
23 28 14 76
24 28 14 76
25 28 14 76
26 28 14 76
27 28 14 76
28 28 14 76
29 28 14 76
30 28 14 76
31 28 14 76
32 28 14 76
33 28 14 76
34 28 14 76
35 28 14 76
36 28 14 76
37 28 14 76
38 28 14 76
39 28 14 76
40 28 14 76
41 28 14 76
42 28 14 76
43 28 14 76
44 28 14 76
45 28 14 76
46 28 14 76
47 28 14 76
48 28 14 76
49 28 14 76
50 28 14 76
51 28 14 76
52 28 14 76
53 28 14 76
54 28 14 76
55 28 14 76
56 28 14 76
57 28 14 76
58 28 14 76
59 28 14 76
60 28 14 76
61 28 14 76
62 28 14 76
63 28 14 76
64 28 14 76
65 28 14 76
