0 29 19 39
1 29 19 39
2 29 19 39
3 29 19 39
4 29 19 39
5 29 19 39
6 29 19 39
7 29 19 39
8 29 19 39
9 29 19 39
10 29 19 39
11 29 19 39
12 29 19 39
13 29 19 39
14 29 19 39
15 29 19 39
16 29 19 39
17 29 19 39
18 29 19 39
19 29 19 39
20 29 19 39
21 29 19 39
22 29 19 39
23 29 19 39
24 29 19 39
25 29 19 39
26 29 19 39
27 29 19 39
28 29 19 39
29 29 19 39
30 29 19 39
31 29 19 39
32 29 19 39
33 29 19 39
34 29 19 39
35 29 19 39
36 29 19 39
37 29 19 39
38 29 19 39
39 29 19 39
40 29 19 39
41 29 19 39
42 29 19 39
43 29 19 39
44 29 19 39
45 29 19 39
46 29 19 39
47 29 19 39
48 29 19 39
49 29 19 39
50 29 19 39
51 29 19 39
52 29 19 39
53 29 19 39
54 29 19 39
55 29 19 39
56 29 19 39
57 29 19 39
58 29 19 39
59 29 19 39
60 29 19 39
61 29 19 39
62 29 19 39
63 29 19 39
64 29 19 39
65 29 19 39
