0 36 28 43
1 36 28 43
2 36 28 43
3 36 28 43
4 36 28 43
5 36 28 43
6 36 28 43
7 36 28 43
8 36 28 43
9 36 28 43
10 36 28 43
11 36 28 43
12 36 28 43
13 36 28 43
14 36 28 43
15 36 28 43
16 36 28 43
17 36 28 43
18 36 28 43
19 36 28 43
20 36 28 43
21 36 28 43
22 36 28 43
23 36 28 43
24 36 28 43
25 36 28 43
26 36 28 43
27 36 28 43
28 36 28 43
29 36 28 43
30 36 28 43
31 36 28 43
32 36 28 43
33 36 28 43
34 36 28 43
35 36 28 43
36 36 28 43
37 36 28 43
38 36 28 43
39 36 28 43
40 36 28 43
41 36 28 43
42 36 28 43
43 36 28 43
44 36 28 43
45 36 28 43
46 36 28 43
47 36 28 43
48 36 28 43
49 36 28 43
50 36 28 43
51 36 28 43
52 36 28 43
53 36 28 43
54 36 28 43
55 36 28 43
56 36 28 43
57 36 28 43
58 36 28 43
59 36 28 43
60 36 28 43
61 36 28 43
62 36 28 43
63 36 28 43
64 36 28 43
65 36 28 43
