0 28 43 83
1 28 43 83
2 28 43 83
3 28 43 83
4 28 43 83
5 28 43 83
6 28 43 83
7 28 43 83
8 28 43 83
9 28 43 83
10 28 43 83
11 28 43 83
12 28 43 83
13 28 43 83
14 28 43 83
15 28 43 83
16 28 43 83
17 28 43 83
18 28 43 83
19 28 43 83
20 28 43 83
21 28 43 83
22 28 43 83
23 28 43 83
24 28 43 83
25 28 43 83
26 28 43 83
27 28 43 83
28 28 43 83
29 28 43 83
30 28 43 83
31 28 43 83
32 28 43 83
33 28 43 83
34 28 43 83
35 28 43 83
36 28 43 83
37 28 43 83
38 28 43 83
39 28 43 83
40 28 43 83
41 28 43 83
42 28 43 83
43 28 43 83
44 28 43 83
45 28 43 83
46 28 43 83
47 28 43 83
48 28 43 83
49 28 43 83
50 28 43 83
51 28 43 83
52 28 43 83
53 28 43 83
54 28 43 83
55 28 43 83
56 28 43 83
57 28 43 83
58 28 43 83
59 28 43 83
60 28 43 83
61 28 43 83
62 28 43 83
63 28 43 83
64 28 43 83
65 28 43 83
