0 30 32 68
1 30 32 68
2 30 32 68
3 30 32 68
4 30 32 68
5 30 32 68
6 30 32 68
7 30 32 68
8 30 32 68
9 30 32 68
10 30 32 68
11 30 32 68
12 30 32 68
13 30 32 68
14 30 32 68
15 30 32 68
16 30 32 68
17 30 32 68
18 30 32 68
19 30 32 68
20 30 32 68
21 30 32 68
22 30 32 68
23 30 32 68
24 30 32 68
25 30 32 68
26 30 32 68
27 30 32 68
28 30 32 68
29 30 32 68
30 30 32 68
31 30 32 68
32 30 32 68
33 30 32 68
34 30 32 68
35 30 32 68
36 30 32 68
37 30 32 68
38 30 32 68
39 30 32 68
40 30 32 68
41 30 32 68
42 30 32 68
43 30 32 68
44 30 32 68
45 30 32 68
46 30 32 68
47 30 32 68
48 30 32 68
49 30 32 68
50 30 32 68
51 30 32 68
52 30 32 68
53 30 32 68
54 30 32 68
55 30 32 68
56 30 32 68
57 30 32 68
58 30 32 68
59 30 32 68
60 30 32 68
61 30 32 68
62 30 32 68
63 30 32 68
64 30 32 68
65 30 32 68
