0 21 26 50
1 21 26 50
2 21 26 50
3 21 26 50
4 21 26 50
5 21 26 50
6 21 26 50
7 21 26 50
8 21 26 50
9 21 26 50
10 21 26 50
11 21 26 50
12 21 26 50
13 21 26 50
14 21 26 50
15 21 26 50
16 21 26 50
17 21 26 50
18 21 26 50
19 21 26 50
20 21 26 50
21 21 26 50
22 21 26 50
23 21 26 50
24 21 26 50
25 21 26 50
26 21 26 50
27 21 26 50
28 21 26 50
29 21 26 50
30 21 26 50
31 21 26 50
32 21 26 50
33 21 26 50
34 21 26 50
35 21 26 50
36 21 26 50
37 21 26 50
38 21 26 50
39 21 26 50
40 21 26 50
41 21 26 50
42 21 26 50
43 21 26 50
44 21 26 50
45 21 26 50
46 21 26 50
47 21 26 50
48 21 26 50
49 21 26 50
50 21 26 50
51 21 26 50
52 21 26 50
53 21 26 50
54 21 26 50
55 21 26 50
56 21 26 50
57 21 26 50
58 21 26 50
59 21 26 50
60 21 26 50
61 21 26 50
62 21 26 50
63 21 26 50
64 21 26 50
65 21 26 50
