0.0 62.28 24.15 19.40
1.0 60.33 23.61 17.49
2.0 64.45 18.87 16.38
3.0 66.34 18.32 15.65
4.0 62.04 20.44 15.78
5.0 64.89 18.71 13.99
6.0 67.96 14.88 14.97
7.0 66.84 19.05 13.35
8.0 71.23 20.15 15.13
9.0 71.15 23.01 17.13
10.0 74.33 18.72 15.38
11.0 73.40 18.66 13.71
12.0 73.21 22.51 14.98
13.0 73.36 26.16 16.13
14.0 69.49 29.77 15.01
15.0 71.35 33.09 13.97
16.0 72.29 36.89 14.08
17.0 67.44 39.71 15.80
18.0 69.60 35.20 15.90
19.0 73.82 38.05 14.45
20.0 71.82 35.82 13.54
21.0 71.39 38.69 14.53
22.0 69.52 35.32 15.83
23.0 72.68 37.92 16.96
24.0 71.58 36.92 16.97
25.0 71.10 35.13 16.12
26.0 75.06 38.65 16.49
27.0 75.79 39.01 17.61
28.0 73.67 35.40 18.59
29.0 71.60 38.42 19.64
30.0 73.98 42.70 20.00
31.0 72.42 47.52 20.00
32.0 76.52 49.95 19.25
33.0 76.01 46.04 17.66
34.0 78.00 48.89 15.93
35.0 81.41 52.97 16.84
36.0 84.03 51.54 18.56
37.0 79.19 50.97 17.73
38.0 77.69 50.94 19.69
39.0 76.60 52.08 17.91
40.0 71.92 56.88 19.18
41.0 72.68 56.69 20.00
42.0 68.55 54.79 19.20
43.0 71.24 54.13 17.25
44.0 70.08 55.24 18.58
45.0 73.21 51.27 20.00
46.0 73.43 46.45 20.00
47.0 75.09 44.07 18.73
48.0 79.84 46.59 20.00
49.0 83.21 47.42 19.18
50.0 85.52 46.27 20.00
51.0 89.48 50.21 18.72
52.0 92.40 52.76 18.50
53.0 96.51 51.82 16.85
54.0 95.32 50.66 16.80
55.0 98.69 48.88 15.90
56.0 100.00 51.26 14.29
57.0 95.53 49.65 14.87
58.0 100.00 46.78 14.01
59.0 97.85 42.96 15.74
60.0 98.61 43.01 15.72
