0 28 3 3
1 28 3 3
2 28 3 3
3 28 3 3
4 28 3 3
5 28 3 3
6 28 3 3
7 28 3 3
8 28 3 3
9 28 3 3
10 28 3 3
11 28 3 3
12 28 3 3
13 28 3 3
14 28 3 3
15 28 3 3
16 28 3 3
17 28 3 3
18 28 3 3
19 28 3 3
20 28 3 3
21 28 3 3
22 28 3 3
23 28 3 3
24 28 3 3
25 28 3 3
26 28 3 3
27 28 3 3
28 28 3 3
29 28 3 3
30 28 3 3
31 28 3 3
32 28 3 3
33 28 3 3
34 28 3 3
35 28 3 3
36 28 3 3
37 28 3 3
38 28 3 3
39 28 3 3
40 28 3 3
41 28 3 3
42 28 3 3
43 28 3 3
44 28 3 3
45 28 3 3
46 28 3 3
47 28 3 3
48 28 3 3
49 28 3 3
50 28 3 3
51 28 3 3
52 28 3 3
53 28 3 3
54 28 3 3
55 28 3 3
56 28 3 3
57 28 3 3
58 28 3 3
59 28 3 3
60 28 3 3
61 28 3 3
62 28 3 3
63 28 3 3
64 28 3 3
65 28 3 3
