0 30 25 66
1 30 25 66
2 30 25 66
3 30 25 66
4 30 25 66
5 30 25 66
6 30 25 66
7 30 25 66
8 30 25 66
9 30 25 66
10 30 25 66
11 30 25 66
12 30 25 66
13 30 25 66
14 30 25 66
15 30 25 66
16 30 25 66
17 30 25 66
18 30 25 66
19 30 25 66
20 30 25 66
21 30 25 66
22 30 25 66
23 30 25 66
24 30 25 66
25 30 25 66
26 30 25 66
27 30 25 66
28 30 25 66
29 30 25 66
30 30 25 66
31 30 25 66
32 30 25 66
33 30 25 66
34 30 25 66
35 30 25 66
36 30 25 66
37 30 25 66
38 30 25 66
39 30 25 66
40 30 25 66
41 30 25 66
42 30 25 66
43 30 25 66
44 30 25 66
45 30 25 66
46 30 25 66
47 30 25 66
48 30 25 66
49 30 25 66
50 30 25 66
51 30 25 66
52 30 25 66
53 30 25 66
54 30 25 66
55 30 25 66
56 30 25 66
57 30 25 66
58 30 25 66
59 30 25 66
60 30 25 66
61 30 25 66
62 30 25 66
63 30 25 66
64 30 25 66
65 30 25 66
