0 20 22 72
1 20 22 72
2 20 22 72
3 20 22 72
4 20 22 72
5 20 22 72
6 20 22 72
7 20 22 72
8 20 22 72
9 20 22 72
10 20 22 72
11 20 22 72
12 20 22 72
13 20 22 72
14 20 22 72
15 20 22 72
16 20 22 72
17 20 22 72
18 20 22 72
19 20 22 72
20 20 22 72
21 20 22 72
22 20 22 72
23 20 22 72
24 20 22 72
25 20 22 72
26 20 22 72
27 20 22 72
28 20 22 72
29 20 22 72
30 20 22 72
31 20 22 72
32 20 22 72
33 20 22 72
34 20 22 72
35 20 22 72
36 20 22 72
37 20 22 72
38 20 22 72
39 20 22 72
40 20 22 72
41 20 22 72
42 20 22 72
43 20 22 72
44 20 22 72
45 20 22 72
46 20 22 72
47 20 22 72
48 20 22 72
49 20 22 72
50 20 22 72
51 20 22 72
52 20 22 72
53 20 22 72
54 20 22 72
55 20 22 72
56 20 22 72
57 20 22 72
58 20 22 72
59 20 22 72
60 20 22 72
61 20 22 72
62 20 22 72
63 20 22 72
64 20 22 72
65 20 22 72
