0 28 11 64
1 28 11 64
2 28 11 64
3 28 11 64
4 28 11 64
5 28 11 64
6 28 11 64
7 28 11 64
8 28 11 64
9 28 11 64
10 28 11 64
11 28 11 64
12 28 11 64
13 28 11 64
14 28 11 64
15 28 11 64
16 28 11 64
17 28 11 64
18 28 11 64
19 28 11 64
20 28 11 64
21 28 11 64
22 28 11 64
23 28 11 64
24 28 11 64
25 28 11 64
26 28 11 64
27 28 11 64
28 28 11 64
29 28 11 64
30 28 11 64
31 28 11 64
32 28 11 64
33 28 11 64
34 28 11 64
35 28 11 64
36 28 11 64
37 28 11 64
38 28 11 64
39 28 11 64
40 28 11 64
41 28 11 64
42 28 11 64
43 28 11 64
44 28 11 64
45 28 11 64
46 28 11 64
47 28 11 64
48 28 11 64
49 28 11 64
50 28 11 64
51 28 11 64
52 28 11 64
53 28 11 64
54 28 11 64
55 28 11 64
56 28 11 64
57 28 11 64
58 28 11 64
59 28 11 64
60 28 11 64
61 28 11 64
62 28 11 64
63 28 11 64
64 28 11 64
65 28 11 64
