0 33 20 72
1 33 20 72
2 33 20 72
3 33 20 72
4 33 20 72
5 33 20 72
6 33 20 72
7 33 20 72
8 33 20 72
9 33 20 72
10 33 20 72
11 33 20 72
12 33 20 72
13 33 20 72
14 33 20 72
15 33 20 72
16 33 20 72
17 33 20 72
18 33 20 72
19 33 20 72
20 33 20 72
21 33 20 72
22 33 20 72
23 33 20 72
24 33 20 72
25 33 20 72
26 33 20 72
27 33 20 72
28 33 20 72
29 33 20 72
30 33 20 72
31 33 20 72
32 33 20 72
33 33 20 72
34 33 20 72
35 33 20 72
36 33 20 72
37 33 20 72
38 33 20 72
39 33 20 72
40 33 20 72
41 33 20 72
42 33 20 72
43 33 20 72
44 33 20 72
45 33 20 72
46 33 20 72
47 33 20 72
48 33 20 72
49 33 20 72
50 33 20 72
51 33 20 72
52 33 20 72
53 33 20 72
54 33 20 72
55 33 20 72
56 33 20 72
57 33 20 72
58 33 20 72
59 33 20 72
60 33 20 72
61 33 20 72
62 33 20 72
63 33 20 72
64 33 20 72
65 33 20 72
