0 36 30 58
1 36 30 58
2 36 30 58
3 36 30 58
4 36 30 58
5 36 30 58
6 36 30 58
7 36 30 58
8 36 30 58
9 36 30 58
10 36 30 58
11 36 30 58
12 36 30 58
13 36 30 58
14 36 30 58
15 36 30 58
16 36 30 58
17 36 30 58
18 36 30 58
19 36 30 58
20 36 30 58
21 36 30 58
22 36 30 58
23 36 30 58
24 36 30 58
25 36 30 58
26 36 30 58
27 36 30 58
28 36 30 58
29 36 30 58
30 36 30 58
31 36 30 58
32 36 30 58
33 36 30 58
34 36 30 58
35 36 30 58
36 36 30 58
37 36 30 58
38 36 30 58
39 36 30 58
40 36 30 58
41 36 30 58
42 36 30 58
43 36 30 58
44 36 30 58
45 36 30 58
46 36 30 58
47 36 30 58
48 36 30 58
49 36 30 58
50 36 30 58
51 36 30 58
52 36 30 58
53 36 30 58
54 36 30 58
55 36 30 58
56 36 30 58
57 36 30 58
58 36 30 58
59 36 30 58
60 36 30 58
61 36 30 58
62 36 30 58
63 36 30 58
64 36 30 58
65 36 30 58
