0 36 29 39
1 36 29 39
2 36 29 39
3 36 29 39
4 36 29 39
5 36 29 39
6 36 29 39
7 36 29 39
8 36 29 39
9 36 29 39
10 36 29 39
11 36 29 39
12 36 29 39
13 36 29 39
14 36 29 39
15 36 29 39
16 36 29 39
17 36 29 39
18 36 29 39
19 36 29 39
20 36 29 39
21 36 29 39
22 36 29 39
23 36 29 39
24 36 29 39
25 36 29 39
26 36 29 39
27 36 29 39
28 36 29 39
29 36 29 39
30 36 29 39
31 36 29 39
32 36 29 39
33 36 29 39
34 36 29 39
35 36 29 39
36 36 29 39
37 36 29 39
38 36 29 39
39 36 29 39
40 36 29 39
41 36 29 39
42 36 29 39
43 36 29 39
44 36 29 39
45 36 29 39
46 36 29 39
47 36 29 39
48 36 29 39
49 36 29 39
50 36 29 39
51 36 29 39
52 36 29 39
53 36 29 39
54 36 29 39
55 36 29 39
56 36 29 39
57 36 29 39
58 36 29 39
59 36 29 39
60 36 29 39
61 36 29 39
62 36 29 39
63 36 29 39
64 36 29 39
65 36 29 39
