0 19 28 43
1 19 28 43
2 19 28 43
3 19 28 43
4 19 28 43
5 19 28 43
6 19 28 43
7 19 28 43
8 19 28 43
9 19 28 43
10 19 28 43
11 19 28 43
12 19 28 43
13 19 28 43
14 19 28 43
15 19 28 43
16 19 28 43
17 19 28 43
18 19 28 43
19 19 28 43
20 19 28 43
21 19 28 43
22 19 28 43
23 19 28 43
24 19 28 43
25 19 28 43
26 19 28 43
27 19 28 43
28 19 28 43
29 19 28 43
30 19 28 43
31 19 28 43
32 19 28 43
33 19 28 43
34 19 28 43
35 19 28 43
36 19 28 43
37 19 28 43
38 19 28 43
39 19 28 43
40 19 28 43
41 19 28 43
42 19 28 43
43 19 28 43
44 19 28 43
45 19 28 43
46 19 28 43
47 19 28 43
48 19 28 43
49 19 28 43
50 19 28 43
51 19 28 43
52 19 28 43
53 19 28 43
54 19 28 43
55 19 28 43
56 19 28 43
57 19 28 43
58 19 28 43
59 19 28 43
60 19 28 43
61 19 28 43
62 19 28 43
63 19 28 43
64 19 28 43
65 19 28 43
