0.0 67.95 90.42 9.17
1.0 64.52 91.14 8.88
2.0 61.88 87.07 10.83
3.0 61.37 86.13 11.72
4.0 64.45 85.37 13.27
5.0 66.87 86.26 13.03
6.0 68.37 87.80 14.87
7.0 64.57 83.53 16.84
8.0 66.70 84.28 17.55
9.0 66.13 85.72 17.38
10.0 62.13 87.04 18.73
11.0 61.07 90.53 18.89
12.0 59.54 89.72 18.06
13.0 55.88 87.29 19.47
14.0 56.25 86.10 18.13
15.0 54.20 89.52 17.52
16.0 58.08 91.47 15.75
17.0 60.41 95.26 17.74
18.0 61.50 98.75 16.69
19.0 59.24 100.00 15.96
20.0 59.19 100.00 17.01
21.0 60.50 100.00 15.13
22.0 58.33 97.80 15.42
23.0 60.51 100.00 16.42
24.0 57.51 97.42 14.49
25.0 56.98 94.27 14.62
26.0 56.85 92.88 13.97
27.0 55.83 96.78 14.76
28.0 52.57 95.39 14.71
29.0 50.42 98.25 15.07
30.0 47.69 100.00 13.30
31.0 49.96 95.24 14.57
32.0 49.59 91.50 12.77
33.0 49.04 94.30 12.14
34.0 53.60 92.73 11.46
35.0 56.58 96.88 10.24
36.0 52.97 94.79 8.37
37.0 52.05 93.17 7.90
38.0 51.98 89.63 6.25
39.0 47.53 92.86 7.77
40.0 45.82 94.98 5.95
41.0 42.27 92.29 6.07
42.0 39.18 89.01 5.22
43.0 40.23 89.48 5.52
44.0 40.38 90.48 6.24
45.0 39.91 88.25 5.23
46.0 42.98 84.92 5.70
47.0 39.74 84.60 6.95
48.0 35.96 87.06 5.96
49.0 37.20 83.84 7.09
50.0 41.48 80.47 8.90
51.0 41.30 76.32 7.46
52.0 39.13 71.78 5.68
53.0 39.24 69.13 5.60
54.0 35.12 64.58 5.68
55.0 37.55 62.78 4.58
56.0 33.23 58.47 3.98
57.0 35.35 56.74 5.00
58.0 36.09 58.44 4.73
59.0 33.08 62.14 4.77
60.0 35.86 60.81 6.00
