0 12 28 83
1 12 28 83
2 12 28 83
3 12 28 83
4 12 28 83
5 12 28 83
6 12 28 83
7 12 28 83
8 12 28 83
9 12 28 83
10 12 28 83
11 12 28 83
12 12 28 83
13 12 28 83
14 12 28 83
15 12 28 83
16 12 28 83
17 12 28 83
18 12 28 83
19 12 28 83
20 12 28 83
21 12 28 83
22 12 28 83
23 12 28 83
24 12 28 83
25 12 28 83
26 12 28 83
27 12 28 83
28 12 28 83
29 12 28 83
30 12 28 83
31 12 28 83
32 12 28 83
33 12 28 83
34 12 28 83
35 12 28 83
36 12 28 83
37 12 28 83
38 12 28 83
39 12 28 83
40 12 28 83
41 12 28 83
42 12 28 83
43 12 28 83
44 12 28 83
45 12 28 83
46 12 28 83
47 12 28 83
48 12 28 83
49 12 28 83
50 12 28 83
51 12 28 83
52 12 28 83
53 12 28 83
54 12 28 83
55 12 28 83
56 12 28 83
57 12 28 83
58 12 28 83
59 12 28 83
60 12 28 83
61 12 28 83
62 12 28 83
63 12 28 83
64 12 28 83
65 12 28 83
