0 30 30 66
1 30 30 66
2 30 30 66
3 30 30 66
4 30 30 66
5 30 30 66
6 30 30 66
7 30 30 66
8 30 30 66
9 30 30 66
10 30 30 66
11 30 30 66
12 30 30 66
13 30 30 66
14 30 30 66
15 30 30 66
16 30 30 66
17 30 30 66
18 30 30 66
19 30 30 66
20 30 30 66
21 30 30 66
22 30 30 66
23 30 30 66
24 30 30 66
25 30 30 66
26 30 30 66
27 30 30 66
28 30 30 66
29 30 30 66
30 30 30 66
31 30 30 66
32 30 30 66
33 30 30 66
34 30 30 66
35 30 30 66
36 30 30 66
37 30 30 66
38 30 30 66
39 30 30 66
40 30 30 66
41 30 30 66
42 30 30 66
43 30 30 66
44 30 30 66
45 30 30 66
46 30 30 66
47 30 30 66
48 30 30 66
49 30 30 66
50 30 30 66
51 30 30 66
52 30 30 66
53 30 30 66
54 30 30 66
55 30 30 66
56 30 30 66
57 30 30 66
58 30 30 66
59 30 30 66
60 30 30 66
61 30 30 66
62 30 30 66
63 30 30 66
64 30 30 66
65 30 30 66
