0 41 31 65
1 41 31 65
2 41 31 65
3 41 31 65
4 41 31 65
5 41 31 65
6 41 31 65
7 41 31 65
8 41 31 65
9 41 31 65
10 41 31 65
11 41 31 65
12 41 31 65
13 41 31 65
14 41 31 65
15 41 31 65
16 41 31 65
17 41 31 65
18 41 31 65
19 41 31 65
20 41 31 65
21 41 31 65
22 41 31 65
23 41 31 65
24 41 31 65
25 41 31 65
26 41 31 65
27 41 31 65
28 41 31 65
29 41 31 65
30 41 31 65
31 41 31 65
32 41 31 65
33 41 31 65
34 41 31 65
35 41 31 65
36 41 31 65
37 41 31 65
38 41 31 65
39 41 31 65
40 41 31 65
41 41 31 65
42 41 31 65
43 41 31 65
44 41 31 65
45 41 31 65
46 41 31 65
47 41 31 65
48 41 31 65
49 41 31 65
50 41 31 65
51 41 31 65
52 41 31 65
53 41 31 65
54 41 31 65
55 41 31 65
56 41 31 65
57 41 31 65
58 41 31 65
59 41 31 65
60 41 31 65
61 41 31 65
62 41 31 65
63 41 31 65
64 41 31 65
65 41 31 65
