0 28 8 31
1 28 8 31
2 28 8 31
3 28 8 31
4 28 8 31
5 28 8 31
6 28 8 31
7 28 8 31
8 28 8 31
9 28 8 31
10 28 8 31
11 28 8 31
12 28 8 31
13 28 8 31
14 28 8 31
15 28 8 31
16 28 8 31
17 28 8 31
18 28 8 31
19 28 8 31
20 28 8 31
21 28 8 31
22 28 8 31
23 28 8 31
24 28 8 31
25 28 8 31
26 28 8 31
27 28 8 31
28 28 8 31
29 28 8 31
30 28 8 31
31 28 8 31
32 28 8 31
33 28 8 31
34 28 8 31
35 28 8 31
36 28 8 31
37 28 8 31
38 28 8 31
39 28 8 31
40 28 8 31
41 28 8 31
42 28 8 31
43 28 8 31
44 28 8 31
45 28 8 31
46 28 8 31
47 28 8 31
48 28 8 31
49 28 8 31
50 28 8 31
51 28 8 31
52 28 8 31
53 28 8 31
54 28 8 31
55 28 8 31
56 28 8 31
57 28 8 31
58 28 8 31
59 28 8 31
60 28 8 31
61 28 8 31
62 28 8 31
63 28 8 31
64 28 8 31
65 28 8 31
