0 26 37 68
1 26 37 68
2 26 37 68
3 26 37 68
4 26 37 68
5 26 37 68
6 26 37 68
7 26 37 68
8 26 37 68
9 26 37 68
10 26 37 68
11 26 37 68
12 26 37 68
13 26 37 68
14 26 37 68
15 26 37 68
16 26 37 68
17 26 37 68
18 26 37 68
19 26 37 68
20 26 37 68
21 26 37 68
22 26 37 68
23 26 37 68
24 26 37 68
25 26 37 68
26 26 37 68
27 26 37 68
28 26 37 68
29 26 37 68
30 26 37 68
31 26 37 68
32 26 37 68
33 26 37 68
34 26 37 68
35 26 37 68
36 26 37 68
37 26 37 68
38 26 37 68
39 26 37 68
40 26 37 68
41 26 37 68
42 26 37 68
43 26 37 68
44 26 37 68
45 26 37 68
46 26 37 68
47 26 37 68
48 26 37 68
49 26 37 68
50 26 37 68
51 26 37 68
52 26 37 68
53 26 37 68
54 26 37 68
55 26 37 68
56 26 37 68
57 26 37 68
58 26 37 68
59 26 37 68
60 26 37 68
61 26 37 68
62 26 37 68
63 26 37 68
64 26 37 68
65 26 37 68
