0 33 33 43
1 33 33 43
2 33 33 43
3 33 33 43
4 33 33 43
5 33 33 43
6 33 33 43
7 33 33 43
8 33 33 43
9 33 33 43
10 33 33 43
11 33 33 43
12 33 33 43
13 33 33 43
14 33 33 43
15 33 33 43
16 33 33 43
17 33 33 43
18 33 33 43
19 33 33 43
20 33 33 43
21 33 33 43
22 33 33 43
23 33 33 43
24 33 33 43
25 33 33 43
26 33 33 43
27 33 33 43
28 33 33 43
29 33 33 43
30 33 33 43
31 33 33 43
32 33 33 43
33 33 33 43
34 33 33 43
35 33 33 43
36 33 33 43
37 33 33 43
38 33 33 43
39 33 33 43
40 33 33 43
41 33 33 43
42 33 33 43
43 33 33 43
44 33 33 43
45 33 33 43
46 33 33 43
47 33 33 43
48 33 33 43
49 33 33 43
50 33 33 43
51 33 33 43
52 33 33 43
53 33 33 43
54 33 33 43
55 33 33 43
56 33 33 43
57 33 33 43
58 33 33 43
59 33 33 43
60 33 33 43
61 33 33 43
62 33 33 43
63 33 33 43
64 33 33 43
65 33 33 43
