0.0 64.39 0.00 1.13
1.0 64.60 0.00 0.87
2.0 61.31 0.00 1.51
3.0 65.21 0.00 1.97
4.0 63.23 0.00 2.16
5.0 60.56 3.39 3.81
6.0 62.97 2.69 4.52
7.0 62.74 6.95 4.97
8.0 59.63 9.06 5.62
9.0 59.03 8.58 4.04
10.0 56.88 8.56 5.46
11.0 60.32 6.42 7.17
12.0 64.29 9.98 8.73
13.0 64.86 10.12 9.34
14.0 68.21 8.49 7.42
15.0 63.70 7.81 5.82
16.0 60.48 3.03 4.41
17.0 56.31 3.63 3.44
18.0 60.81 4.46 3.67
19.0 61.41 8.20 3.99
20.0 64.39 6.58 4.97
21.0 59.69 10.42 3.06
22.0 56.09 13.65 4.02
23.0 52.47 14.39 3.21
24.0 53.93 15.23 3.50
25.0 51.17 15.60 4.85
26.0 47.87 13.85 5.46
27.0 46.84 12.84 5.65
28.0 49.44 12.45 5.23
29.0 51.61 9.46 6.68
30.0 50.58 10.81 6.84
31.0 48.31 13.41 5.90
32.0 44.23 10.06 6.58
33.0 47.34 12.65 5.55
34.0 48.92 15.06 6.04
35.0 46.32 14.22 5.41
36.0 43.33 18.00 4.15
37.0 44.59 21.84 3.25
38.0 41.30 21.19 4.64
39.0 43.65 22.68 2.89
40.0 38.83 21.24 3.02
41.0 42.17 23.63 1.36
42.0 37.36 27.64 2.18
43.0 36.16 24.95 2.57
44.0 33.92 24.73 2.35
45.0 38.16 22.30 1.25
46.0 43.14 23.93 0.00
47.0 43.72 27.13 0.00
48.0 39.79 29.55 1.25
49.0 41.87 25.78 1.86
50.0 46.25 21.79 1.21
51.0 42.82 21.72 1.12
52.0 45.37 25.29 1.70
53.0 43.22 22.57 0.19
54.0 39.68 20.95 1.85
55.0 40.04 24.30 2.80
56.0 40.10 23.99 3.73
57.0 41.36 26.87 5.51
58.0 39.91 26.18 5.90
59.0 40.31 23.71 4.09
60.0 36.36 26.91 4.05
