0 17 34 31
1 17 34 31
2 17 34 31
3 17 34 31
4 17 34 31
5 17 34 31
6 17 34 31
7 17 34 31
8 17 34 31
9 17 34 31
10 17 34 31
11 17 34 31
12 17 34 31
13 17 34 31
14 17 34 31
15 17 34 31
16 17 34 31
17 17 34 31
18 17 34 31
19 17 34 31
20 17 34 31
21 17 34 31
22 17 34 31
23 17 34 31
24 17 34 31
25 17 34 31
26 17 34 31
27 17 34 31
28 17 34 31
29 17 34 31
30 17 34 31
31 17 34 31
32 17 34 31
33 17 34 31
34 17 34 31
35 17 34 31
36 17 34 31
37 17 34 31
38 17 34 31
39 17 34 31
40 17 34 31
41 17 34 31
42 17 34 31
43 17 34 31
44 17 34 31
45 17 34 31
46 17 34 31
47 17 34 31
48 17 34 31
49 17 34 31
50 17 34 31
51 17 34 31
52 17 34 31
53 17 34 31
54 17 34 31
55 17 34 31
56 17 34 31
57 17 34 31
58 17 34 31
59 17 34 31
60 17 34 31
61 17 34 31
62 17 34 31
63 17 34 31
64 17 34 31
65 17 34 31
