0 18 18 76
1 18 18 76
2 18 18 76
3 18 18 76
4 18 18 76
5 18 18 76
6 18 18 76
7 18 18 76
8 18 18 76
9 18 18 76
10 18 18 76
11 18 18 76
12 18 18 76
13 18 18 76
14 18 18 76
15 18 18 76
16 18 18 76
17 18 18 76
18 18 18 76
19 18 18 76
20 18 18 76
21 18 18 76
22 18 18 76
23 18 18 76
24 18 18 76
25 18 18 76
26 18 18 76
27 18 18 76
28 18 18 76
29 18 18 76
30 18 18 76
31 18 18 76
32 18 18 76
33 18 18 76
34 18 18 76
35 18 18 76
36 18 18 76
37 18 18 76
38 18 18 76
39 18 18 76
40 18 18 76
41 18 18 76
42 18 18 76
43 18 18 76
44 18 18 76
45 18 18 76
46 18 18 76
47 18 18 76
48 18 18 76
49 18 18 76
50 18 18 76
51 18 18 76
52 18 18 76
53 18 18 76
54 18 18 76
55 18 18 76
56 18 18 76
57 18 18 76
58 18 18 76
59 18 18 76
60 18 18 76
61 18 18 76
62 18 18 76
63 18 18 76
64 18 18 76
65 18 18 76
