0 28 36 68
1 28 36 68
2 28 36 68
3 28 36 68
4 28 36 68
5 28 36 68
6 28 36 68
7 28 36 68
8 28 36 68
9 28 36 68
10 28 36 68
11 28 36 68
12 28 36 68
13 28 36 68
14 28 36 68
15 28 36 68
16 28 36 68
17 28 36 68
18 28 36 68
19 28 36 68
20 28 36 68
21 28 36 68
22 28 36 68
23 28 36 68
24 28 36 68
25 28 36 68
26 28 36 68
27 28 36 68
28 28 36 68
29 28 36 68
30 28 36 68
31 28 36 68
32 28 36 68
33 28 36 68
34 28 36 68
35 28 36 68
36 28 36 68
37 28 36 68
38 28 36 68
39 28 36 68
40 28 36 68
41 28 36 68
42 28 36 68
43 28 36 68
44 28 36 68
45 28 36 68
46 28 36 68
47 28 36 68
48 28 36 68
49 28 36 68
50 28 36 68
51 28 36 68
52 28 36 68
53 28 36 68
54 28 36 68
55 28 36 68
56 28 36 68
57 28 36 68
58 28 36 68
59 28 36 68
60 28 36 68
61 28 36 68
62 28 36 68
63 28 36 68
64 28 36 68
65 28 36 68
