0 15 21 86
1 15 21 86
2 15 21 86
3 15 21 86
4 15 21 86
5 15 21 86
6 15 21 86
7 15 21 86
8 15 21 86
9 15 21 86
10 15 21 86
11 15 21 86
12 15 21 86
13 15 21 86
14 15 21 86
15 15 21 86
16 15 21 86
17 15 21 86
18 15 21 86
19 15 21 86
20 15 21 86
21 15 21 86
22 15 21 86
23 15 21 86
24 15 21 86
25 15 21 86
26 15 21 86
27 15 21 86
28 15 21 86
29 15 21 86
30 15 21 86
31 15 21 86
32 15 21 86
33 15 21 86
34 15 21 86
35 15 21 86
36 15 21 86
37 15 21 86
38 15 21 86
39 15 21 86
40 15 21 86
41 15 21 86
42 15 21 86
43 15 21 86
44 15 21 86
45 15 21 86
46 15 21 86
47 15 21 86
48 15 21 86
49 15 21 86
50 15 21 86
51 15 21 86
52 15 21 86
53 15 21 86
54 15 21 86
55 15 21 86
56 15 21 86
57 15 21 86
58 15 21 86
59 15 21 86
60 15 21 86
61 15 21 86
62 15 21 86
63 15 21 86
64 15 21 86
65 15 21 86
