0 15 21 65
1 15 21 65
2 15 21 65
3 15 21 65
4 15 21 65
5 15 21 65
6 15 21 65
7 15 21 65
8 15 21 65
9 15 21 65
10 15 21 65
11 15 21 65
12 15 21 65
13 15 21 65
14 15 21 65
15 15 21 65
16 15 21 65
17 15 21 65
18 15 21 65
19 15 21 65
20 15 21 65
21 15 21 65
22 15 21 65
23 15 21 65
24 15 21 65
25 15 21 65
26 15 21 65
27 15 21 65
28 15 21 65
29 15 21 65
30 15 21 65
31 15 21 65
32 15 21 65
33 15 21 65
34 15 21 65
35 15 21 65
36 15 21 65
37 15 21 65
38 15 21 65
39 15 21 65
40 15 21 65
41 15 21 65
42 15 21 65
43 15 21 65
44 15 21 65
45 15 21 65
46 15 21 65
47 15 21 65
48 15 21 65
49 15 21 65
50 15 21 65
51 15 21 65
52 15 21 65
53 15 21 65
54 15 21 65
55 15 21 65
56 15 21 65
57 15 21 65
58 15 21 65
59 15 21 65
60 15 21 65
61 15 21 65
62 15 21 65
63 15 21 65
64 15 21 65
65 15 21 65
