0 22 20 94
1 22 20 94
2 22 20 94
3 22 20 94
4 22 20 94
5 22 20 94
6 22 20 94
7 22 20 94
8 22 20 94
9 22 20 94
10 22 20 94
11 22 20 94
12 22 20 94
13 22 20 94
14 22 20 94
15 22 20 94
16 22 20 94
17 22 20 94
18 22 20 94
19 22 20 94
20 22 20 94
21 22 20 94
22 22 20 94
23 22 20 94
24 22 20 94
25 22 20 94
26 22 20 94
27 22 20 94
28 22 20 94
29 22 20 94
30 22 20 94
31 22 20 94
32 22 20 94
33 22 20 94
34 22 20 94
35 22 20 94
36 22 20 94
37 22 20 94
38 22 20 94
39 22 20 94
40 22 20 94
41 22 20 94
42 22 20 94
43 22 20 94
44 22 20 94
45 22 20 94
46 22 20 94
47 22 20 94
48 22 20 94
49 22 20 94
50 22 20 94
51 22 20 94
52 22 20 94
53 22 20 94
54 22 20 94
55 22 20 94
56 22 20 94
57 22 20 94
58 22 20 94
59 22 20 94
60 22 20 94
61 22 20 94
62 22 20 94
63 22 20 94
64 22 20 94
65 22 20 94
