0 14 24 81
1 14 24 81
2 14 24 81
3 14 24 81
4 14 24 81
5 14 24 81
6 14 24 81
7 14 24 81
8 14 24 81
9 14 24 81
10 14 24 81
11 14 24 81
12 14 24 81
13 14 24 81
14 14 24 81
15 14 24 81
16 14 24 81
17 14 24 81
18 14 24 81
19 14 24 81
20 14 24 81
21 14 24 81
22 14 24 81
23 14 24 81
24 14 24 81
25 14 24 81
26 14 24 81
27 14 24 81
28 14 24 81
29 14 24 81
30 14 24 81
31 14 24 81
32 14 24 81
33 14 24 81
34 14 24 81
35 14 24 81
36 14 24 81
37 14 24 81
38 14 24 81
39 14 24 81
40 14 24 81
41 14 24 81
42 14 24 81
43 14 24 81
44 14 24 81
45 14 24 81
46 14 24 81
47 14 24 81
48 14 24 81
49 14 24 81
50 14 24 81
51 14 24 81
52 14 24 81
53 14 24 81
54 14 24 81
55 14 24 81
56 14 24 81
57 14 24 81
58 14 24 81
59 14 24 81
60 14 24 81
61 14 24 81
62 14 24 81
63 14 24 81
64 14 24 81
65 14 24 81
