0 40 21 81
1 40 21 81
2 40 21 81
3 40 21 81
4 40 21 81
5 40 21 81
6 40 21 81
7 40 21 81
8 40 21 81
9 40 21 81
10 40 21 81
11 40 21 81
12 40 21 81
13 40 21 81
14 40 21 81
15 40 21 81
16 40 21 81
17 40 21 81
18 40 21 81
19 40 21 81
20 40 21 81
21 40 21 81
22 40 21 81
23 40 21 81
24 40 21 81
25 40 21 81
26 40 21 81
27 40 21 81
28 40 21 81
29 40 21 81
30 40 21 81
31 40 21 81
32 40 21 81
33 40 21 81
34 40 21 81
35 40 21 81
36 40 21 81
37 40 21 81
38 40 21 81
39 40 21 81
40 40 21 81
41 40 21 81
42 40 21 81
43 40 21 81
44 40 21 81
45 40 21 81
46 40 21 81
47 40 21 81
48 40 21 81
49 40 21 81
50 40 21 81
51 40 21 81
52 40 21 81
53 40 21 81
54 40 21 81
55 40 21 81
56 40 21 81
57 40 21 81
58 40 21 81
59 40 21 81
60 40 21 81
61 40 21 81
62 40 21 81
63 40 21 81
64 40 21 81
65 40 21 81
