0 24 41 65
1 24 41 65
2 24 41 65
3 24 41 65
4 24 41 65
5 24 41 65
6 24 41 65
7 24 41 65
8 24 41 65
9 24 41 65
10 24 41 65
11 24 41 65
12 24 41 65
13 24 41 65
14 24 41 65
15 24 41 65
16 24 41 65
17 24 41 65
18 24 41 65
19 24 41 65
20 24 41 65
21 24 41 65
22 24 41 65
23 24 41 65
24 24 41 65
25 24 41 65
26 24 41 65
27 24 41 65
28 24 41 65
29 24 41 65
30 24 41 65
31 24 41 65
32 24 41 65
33 24 41 65
34 24 41 65
35 24 41 65
36 24 41 65
37 24 41 65
38 24 41 65
39 24 41 65
40 24 41 65
41 24 41 65
42 24 41 65
43 24 41 65
44 24 41 65
45 24 41 65
46 24 41 65
47 24 41 65
48 24 41 65
49 24 41 65
50 24 41 65
51 24 41 65
52 24 41 65
53 24 41 65
54 24 41 65
55 24 41 65
56 24 41 65
57 24 41 65
58 24 41 65
59 24 41 65
60 24 41 65
61 24 41 65
62 24 41 65
63 24 41 65
64 24 41 65
65 24 41 65
