0 33 18 92
1 33 18 92
2 33 18 92
3 33 18 92
4 33 18 92
5 33 18 92
6 33 18 92
7 33 18 92
8 33 18 92
9 33 18 92
10 33 18 92
11 33 18 92
12 33 18 92
13 33 18 92
14 33 18 92
15 33 18 92
16 33 18 92
17 33 18 92
18 33 18 92
19 33 18 92
20 33 18 92
21 33 18 92
22 33 18 92
23 33 18 92
24 33 18 92
25 33 18 92
26 33 18 92
27 33 18 92
28 33 18 92
29 33 18 92
30 33 18 92
31 33 18 92
32 33 18 92
33 33 18 92
34 33 18 92
35 33 18 92
36 33 18 92
37 33 18 92
38 33 18 92
39 33 18 92
40 33 18 92
41 33 18 92
42 33 18 92
43 33 18 92
44 33 18 92
45 33 18 92
46 33 18 92
47 33 18 92
48 33 18 92
49 33 18 92
50 33 18 92
51 33 18 92
52 33 18 92
53 33 18 92
54 33 18 92
55 33 18 92
56 33 18 92
57 33 18 92
58 33 18 92
59 33 18 92
60 33 18 92
61 33 18 92
62 33 18 92
63 33 18 92
64 33 18 92
65 33 18 92
