0 18 18 91
1 18 18 91
2 18 18 91
3 18 18 91
4 18 18 91
5 18 18 91
6 18 18 91
7 18 18 91
8 18 18 91
9 18 18 91
10 18 18 91
11 18 18 91
12 18 18 91
13 18 18 91
14 18 18 91
15 18 18 91
16 18 18 91
17 18 18 91
18 18 18 91
19 18 18 91
20 18 18 91
21 18 18 91
22 18 18 91
23 18 18 91
24 18 18 91
25 18 18 91
26 18 18 91
27 18 18 91
28 18 18 91
29 18 18 91
30 18 18 91
31 18 18 91
32 18 18 91
33 18 18 91
34 18 18 91
35 18 18 91
36 18 18 91
37 18 18 91
38 18 18 91
39 18 18 91
40 18 18 91
41 18 18 91
42 18 18 91
43 18 18 91
44 18 18 91
45 18 18 91
46 18 18 91
47 18 18 91
48 18 18 91
49 18 18 91
50 18 18 91
51 18 18 91
52 18 18 91
53 18 18 91
54 18 18 91
55 18 18 91
56 18 18 91
57 18 18 91
58 18 18 91
59 18 18 91
60 18 18 91
61 18 18 91
62 18 18 91
63 18 18 91
64 18 18 91
65 18 18 91
