0 8 28 31
1 8 28 31
2 8 28 31
3 8 28 31
4 8 28 31
5 8 28 31
6 8 28 31
7 8 28 31
8 8 28 31
9 8 28 31
10 8 28 31
11 8 28 31
12 8 28 31
13 8 28 31
14 8 28 31
15 8 28 31
16 8 28 31
17 8 28 31
18 8 28 31
19 8 28 31
20 8 28 31
21 8 28 31
22 8 28 31
23 8 28 31
24 8 28 31
25 8 28 31
26 8 28 31
27 8 28 31
28 8 28 31
29 8 28 31
30 8 28 31
31 8 28 31
32 8 28 31
33 8 28 31
34 8 28 31
35 8 28 31
36 8 28 31
37 8 28 31
38 8 28 31
39 8 28 31
40 8 28 31
41 8 28 31
42 8 28 31
43 8 28 31
44 8 28 31
45 8 28 31
46 8 28 31
47 8 28 31
48 8 28 31
49 8 28 31
50 8 28 31
51 8 28 31
52 8 28 31
53 8 28 31
54 8 28 31
55 8 28 31
56 8 28 31
57 8 28 31
58 8 28 31
59 8 28 31
60 8 28 31
61 8 28 31
62 8 28 31
63 8 28 31
64 8 28 31
65 8 28 31
