0 20 32 58
1 20 32 58
2 20 32 58
3 20 32 58
4 20 32 58
5 20 32 58
6 20 32 58
7 20 32 58
8 20 32 58
9 20 32 58
10 20 32 58
11 20 32 58
12 20 32 58
13 20 32 58
14 20 32 58
15 20 32 58
16 20 32 58
17 20 32 58
18 20 32 58
19 20 32 58
20 20 32 58
21 20 32 58
22 20 32 58
23 20 32 58
24 20 32 58
25 20 32 58
26 20 32 58
27 20 32 58
28 20 32 58
29 20 32 58
30 20 32 58
31 20 32 58
32 20 32 58
33 20 32 58
34 20 32 58
35 20 32 58
36 20 32 58
37 20 32 58
38 20 32 58
39 20 32 58
40 20 32 58
41 20 32 58
42 20 32 58
43 20 32 58
44 20 32 58
45 20 32 58
46 20 32 58
47 20 32 58
48 20 32 58
49 20 32 58
50 20 32 58
51 20 32 58
52 20 32 58
53 20 32 58
54 20 32 58
55 20 32 58
56 20 32 58
57 20 32 58
58 20 32 58
59 20 32 58
60 20 32 58
61 20 32 58
62 20 32 58
63 20 32 58
64 20 32 58
65 20 32 58
