0 19 25 58
1 19 25 58
2 19 25 58
3 19 25 58
4 19 25 58
5 19 25 58
6 19 25 58
7 19 25 58
8 19 25 58
9 19 25 58
10 19 25 58
11 19 25 58
12 19 25 58
13 19 25 58
14 19 25 58
15 19 25 58
16 19 25 58
17 19 25 58
18 19 25 58
19 19 25 58
20 19 25 58
21 19 25 58
22 19 25 58
23 19 25 58
24 19 25 58
25 19 25 58
26 19 25 58
27 19 25 58
28 19 25 58
29 19 25 58
30 19 25 58
31 19 25 58
32 19 25 58
33 19 25 58
34 19 25 58
35 19 25 58
36 19 25 58
37 19 25 58
38 19 25 58
39 19 25 58
40 19 25 58
41 19 25 58
42 19 25 58
43 19 25 58
44 19 25 58
45 19 25 58
46 19 25 58
47 19 25 58
48 19 25 58
49 19 25 58
50 19 25 58
51 19 25 58
52 19 25 58
53 19 25 58
54 19 25 58
55 19 25 58
56 19 25 58
57 19 25 58
58 19 25 58
59 19 25 58
60 19 25 58
61 19 25 58
62 19 25 58
63 19 25 58
64 19 25 58
65 19 25 58
