0.0 37.83 11.21 10.46
1.0 37.21 8.53 12.41
2.0 32.48 12.60 13.05
3.0 30.49 16.85 13.68
4.0 35.42 18.47 15.44
5.0 31.53 22.27 16.05
6.0 35.08 24.64 18.05
7.0 36.04 23.18 17.45
8.0 31.92 19.76 15.78
9.0 35.42 17.46 14.42
10.0 34.15 17.83 12.68
11.0 29.94 20.94 11.14
12.0 26.71 23.90 9.25
13.0 21.91 23.21 9.72
14.0 24.93 23.46 8.11
15.0 25.92 21.69 8.88
16.0 24.54 23.72 10.87
17.0 27.31 21.75 8.88
18.0 25.31 22.18 9.44
19.0 28.20 23.30 8.76
20.0 30.15 21.28 7.41
21.0 34.54 16.32 7.75
22.0 39.06 20.83 8.90
23.0 43.85 23.56 8.86
24.0 48.53 28.47 7.42
25.0 45.07 30.38 9.11
26.0 49.83 30.09 8.62
27.0 47.52 26.39 10.19
28.0 50.96 25.83 11.74
29.0 49.45 26.69 12.23
30.0 52.99 21.71 10.96
31.0 49.57 21.62 10.45
32.0 45.73 24.64 10.93
33.0 44.58 20.14 9.53
34.0 46.50 16.68 10.02
35.0 45.23 19.48 8.68
36.0 47.89 24.45 8.76
37.0 44.86 25.61 9.48
38.0 41.42 24.91 10.60
39.0 40.06 26.02 10.02
40.0 36.88 23.10 11.67
41.0 37.57 24.36 12.90
42.0 39.64 27.05 14.05
43.0 36.90 31.41 14.13
44.0 38.93 33.52 14.51
45.0 38.02 31.06 15.56
46.0 33.86 33.48 14.38
47.0 36.27 36.42 14.25
48.0 40.52 33.88 13.36
49.0 42.21 36.97 14.59
50.0 46.64 38.61 14.74
51.0 48.77 36.48 16.37
52.0 46.25 38.26 16.68
53.0 50.10 39.53 16.81
54.0 50.19 42.98 17.63
55.0 50.06 47.42 17.40
56.0 51.98 43.76 17.68
57.0 55.18 43.08 17.84
58.0 56.98 46.53 15.98
59.0 55.97 48.57 15.08
60.0 53.91 49.93 17.04
