0 6 22 10
1 6 22 10
2 6 22 10
3 6 22 10
4 6 22 10
5 6 22 10
6 6 22 10
7 6 22 10
8 6 22 10
9 6 22 10
10 6 22 10
11 6 22 10
12 6 22 10
13 6 22 10
14 6 22 10
15 6 22 10
16 6 22 10
17 6 22 10
18 6 22 10
19 6 22 10
20 6 22 10
21 6 22 10
22 6 22 10
23 6 22 10
24 6 22 10
25 6 22 10
26 6 22 10
27 6 22 10
28 6 22 10
29 6 22 10
30 6 22 10
31 6 22 10
32 6 22 10
33 6 22 10
34 6 22 10
35 6 22 10
36 6 22 10
37 6 22 10
38 6 22 10
39 6 22 10
40 6 22 10
41 6 22 10
42 6 22 10
43 6 22 10
44 6 22 10
45 6 22 10
46 6 22 10
47 6 22 10
48 6 22 10
49 6 22 10
50 6 22 10
51 6 22 10
52 6 22 10
53 6 22 10
54 6 22 10
55 6 22 10
56 6 22 10
57 6 22 10
58 6 22 10
59 6 22 10
60 6 22 10
61 6 22 10
62 6 22 10
63 6 22 10
64 6 22 10
65 6 22 10
