0 28 53 11
1 28 53 11
2 28 53 11
3 28 53 11
4 28 53 11
5 28 53 11
6 28 53 11
7 28 53 11
8 28 53 11
9 28 53 11
10 28 53 11
11 28 53 11
12 28 53 11
13 28 53 11
14 28 53 11
15 28 53 11
16 28 53 11
17 28 53 11
18 28 53 11
19 28 53 11
20 28 53 11
21 28 53 11
22 28 53 11
23 28 53 11
24 28 53 11
25 28 53 11
26 28 53 11
27 28 53 11
28 28 53 11
29 28 53 11
30 28 53 11
31 28 53 11
32 28 53 11
33 28 53 11
34 28 53 11
35 28 53 11
36 28 53 11
37 28 53 11
38 28 53 11
39 28 53 11
40 28 53 11
41 28 53 11
42 28 53 11
43 28 53 11
44 28 53 11
45 28 53 11
46 28 53 11
47 28 53 11
48 28 53 11
49 28 53 11
50 28 53 11
51 28 53 11
52 28 53 11
53 28 53 11
54 28 53 11
55 28 53 11
56 28 53 11
57 28 53 11
58 28 53 11
59 28 53 11
60 28 53 11
61 28 53 11
62 28 53 11
63 28 53 11
64 28 53 11
65 28 53 11
