0 10 38 6
1 10 38 6
2 10 38 6
3 10 38 6
4 10 38 6
5 10 38 6
6 10 38 6
7 10 38 6
8 10 38 6
9 10 38 6
10 10 38 6
11 10 38 6
12 10 38 6
13 10 38 6
14 10 38 6
15 10 38 6
16 10 38 6
17 10 38 6
18 10 38 6
19 10 38 6
20 10 38 6
21 10 38 6
22 10 38 6
23 10 38 6
24 10 38 6
25 10 38 6
26 10 38 6
27 10 38 6
28 10 38 6
29 10 38 6
30 10 38 6
31 10 38 6
32 10 38 6
33 10 38 6
34 10 38 6
35 10 38 6
36 10 38 6
37 10 38 6
38 10 38 6
39 10 38 6
40 10 38 6
41 10 38 6
42 10 38 6
43 10 38 6
44 10 38 6
45 10 38 6
46 10 38 6
47 10 38 6
48 10 38 6
49 10 38 6
50 10 38 6
51 10 38 6
52 10 38 6
53 10 38 6
54 10 38 6
55 10 38 6
56 10 38 6
57 10 38 6
58 10 38 6
59 10 38 6
60 10 38 6
61 10 38 6
62 10 38 6
63 10 38 6
64 10 38 6
65 10 38 6
