0 36 28 68
1 36 28 68
2 36 28 68
3 36 28 68
4 36 28 68
5 36 28 68
6 36 28 68
7 36 28 68
8 36 28 68
9 36 28 68
10 36 28 68
11 36 28 68
12 36 28 68
13 36 28 68
14 36 28 68
15 36 28 68
16 36 28 68
17 36 28 68
18 36 28 68
19 36 28 68
20 36 28 68
21 36 28 68
22 36 28 68
23 36 28 68
24 36 28 68
25 36 28 68
26 36 28 68
27 36 28 68
28 36 28 68
29 36 28 68
30 36 28 68
31 36 28 68
32 36 28 68
33 36 28 68
34 36 28 68
35 36 28 68
36 36 28 68
37 36 28 68
38 36 28 68
39 36 28 68
40 36 28 68
41 36 28 68
42 36 28 68
43 36 28 68
44 36 28 68
45 36 28 68
46 36 28 68
47 36 28 68
48 36 28 68
49 36 28 68
50 36 28 68
51 36 28 68
52 36 28 68
53 36 28 68
54 36 28 68
55 36 28 68
56 36 28 68
57 36 28 68
58 36 28 68
59 36 28 68
60 36 28 68
61 36 28 68
62 36 28 68
63 36 28 68
64 36 28 68
65 36 28 68
