0 43 31 31
1 43 31 31
2 43 31 31
3 43 31 31
4 43 31 31
5 43 31 31
6 43 31 31
7 43 31 31
8 43 31 31
9 43 31 31
10 43 31 31
11 43 31 31
12 43 31 31
13 43 31 31
14 43 31 31
15 43 31 31
16 43 31 31
17 43 31 31
18 43 31 31
19 43 31 31
20 43 31 31
21 43 31 31
22 43 31 31
23 43 31 31
24 43 31 31
25 43 31 31
26 43 31 31
27 43 31 31
28 43 31 31
29 43 31 31
30 43 31 31
31 43 31 31
32 43 31 31
33 43 31 31
34 43 31 31
35 43 31 31
36 43 31 31
37 43 31 31
38 43 31 31
39 43 31 31
40 43 31 31
41 43 31 31
42 43 31 31
43 43 31 31
44 43 31 31
45 43 31 31
46 43 31 31
47 43 31 31
48 43 31 31
49 43 31 31
50 43 31 31
51 43 31 31
52 43 31 31
53 43 31 31
54 43 31 31
55 43 31 31
56 43 31 31
57 43 31 31
58 43 31 31
59 43 31 31
60 43 31 31
61 43 31 31
62 43 31 31
63 43 31 31
64 43 31 31
65 43 31 31
