0 16 39 64
1 16 39 64
2 16 39 64
3 16 39 64
4 16 39 64
5 16 39 64
6 16 39 64
7 16 39 64
8 16 39 64
9 16 39 64
10 16 39 64
11 16 39 64
12 16 39 64
13 16 39 64
14 16 39 64
15 16 39 64
16 16 39 64
17 16 39 64
18 16 39 64
19 16 39 64
20 16 39 64
21 16 39 64
22 16 39 64
23 16 39 64
24 16 39 64
25 16 39 64
26 16 39 64
27 16 39 64
28 16 39 64
29 16 39 64
30 16 39 64
31 16 39 64
32 16 39 64
33 16 39 64
34 16 39 64
35 16 39 64
36 16 39 64
37 16 39 64
38 16 39 64
39 16 39 64
40 16 39 64
41 16 39 64
42 16 39 64
43 16 39 64
44 16 39 64
45 16 39 64
46 16 39 64
47 16 39 64
48 16 39 64
49 16 39 64
50 16 39 64
51 16 39 64
52 16 39 64
53 16 39 64
54 16 39 64
55 16 39 64
56 16 39 64
57 16 39 64
58 16 39 64
59 16 39 64
60 16 39 64
61 16 39 64
62 16 39 64
63 16 39 64
64 16 39 64
65 16 39 64
