0 24 20 58
1 24 20 58
2 24 20 58
3 24 20 58
4 24 20 58
5 24 20 58
6 24 20 58
7 24 20 58
8 24 20 58
9 24 20 58
10 24 20 58
11 24 20 58
12 24 20 58
13 24 20 58
14 24 20 58
15 24 20 58
16 24 20 58
17 24 20 58
18 24 20 58
19 24 20 58
20 24 20 58
21 24 20 58
22 24 20 58
23 24 20 58
24 24 20 58
25 24 20 58
26 24 20 58
27 24 20 58
28 24 20 58
29 24 20 58
30 24 20 58
31 24 20 58
32 24 20 58
33 24 20 58
34 24 20 58
35 24 20 58
36 24 20 58
37 24 20 58
38 24 20 58
39 24 20 58
40 24 20 58
41 24 20 58
42 24 20 58
43 24 20 58
44 24 20 58
45 24 20 58
46 24 20 58
47 24 20 58
48 24 20 58
49 24 20 58
50 24 20 58
51 24 20 58
52 24 20 58
53 24 20 58
54 24 20 58
55 24 20 58
56 24 20 58
57 24 20 58
58 24 20 58
59 24 20 58
60 24 20 58
61 24 20 58
62 24 20 58
63 24 20 58
64 24 20 58
65 24 20 58
