0 28 36 43
1 28 36 43
2 28 36 43
3 28 36 43
4 28 36 43
5 28 36 43
6 28 36 43
7 28 36 43
8 28 36 43
9 28 36 43
10 28 36 43
11 28 36 43
12 28 36 43
13 28 36 43
14 28 36 43
15 28 36 43
16 28 36 43
17 28 36 43
18 28 36 43
19 28 36 43
20 28 36 43
21 28 36 43
22 28 36 43
23 28 36 43
24 28 36 43
25 28 36 43
26 28 36 43
27 28 36 43
28 28 36 43
29 28 36 43
30 28 36 43
31 28 36 43
32 28 36 43
33 28 36 43
34 28 36 43
35 28 36 43
36 28 36 43
37 28 36 43
38 28 36 43
39 28 36 43
40 28 36 43
41 28 36 43
42 28 36 43
43 28 36 43
44 28 36 43
45 28 36 43
46 28 36 43
47 28 36 43
48 28 36 43
49 28 36 43
50 28 36 43
51 28 36 43
52 28 36 43
53 28 36 43
54 28 36 43
55 28 36 43
56 28 36 43
57 28 36 43
58 28 36 43
59 28 36 43
60 28 36 43
61 28 36 43
62 28 36 43
63 28 36 43
64 28 36 43
65 28 36 43
