0 12 24 31
1 12 24 31
2 12 24 31
3 12 24 31
4 12 24 31
5 12 24 31
6 12 24 31
7 12 24 31
8 12 24 31
9 12 24 31
10 12 24 31
11 12 24 31
12 12 24 31
13 12 24 31
14 12 24 31
15 12 24 31
16 12 24 31
17 12 24 31
18 12 24 31
19 12 24 31
20 12 24 31
21 12 24 31
22 12 24 31
23 12 24 31
24 12 24 31
25 12 24 31
26 12 24 31
27 12 24 31
28 12 24 31
29 12 24 31
30 12 24 31
31 12 24 31
32 12 24 31
33 12 24 31
34 12 24 31
35 12 24 31
36 12 24 31
37 12 24 31
38 12 24 31
39 12 24 31
40 12 24 31
41 12 24 31
42 12 24 31
43 12 24 31
44 12 24 31
45 12 24 31
46 12 24 31
47 12 24 31
48 12 24 31
49 12 24 31
50 12 24 31
51 12 24 31
52 12 24 31
53 12 24 31
54 12 24 31
55 12 24 31
56 12 24 31
57 12 24 31
58 12 24 31
59 12 24 31
60 12 24 31
61 12 24 31
62 12 24 31
63 12 24 31
64 12 24 31
65 12 24 31
