0 18 42 3
1 18 42 3
2 18 42 3
3 18 42 3
4 18 42 3
5 18 42 3
6 18 42 3
7 18 42 3
8 18 42 3
9 18 42 3
10 18 42 3
11 18 42 3
12 18 42 3
13 18 42 3
14 18 42 3
15 18 42 3
16 18 42 3
17 18 42 3
18 18 42 3
19 18 42 3
20 18 42 3
21 18 42 3
22 18 42 3
23 18 42 3
24 18 42 3
25 18 42 3
26 18 42 3
27 18 42 3
28 18 42 3
29 18 42 3
30 18 42 3
31 18 42 3
32 18 42 3
33 18 42 3
34 18 42 3
35 18 42 3
36 18 42 3
37 18 42 3
38 18 42 3
39 18 42 3
40 18 42 3
41 18 42 3
42 18 42 3
43 18 42 3
44 18 42 3
45 18 42 3
46 18 42 3
47 18 42 3
48 18 42 3
49 18 42 3
50 18 42 3
51 18 42 3
52 18 42 3
53 18 42 3
54 18 42 3
55 18 42 3
56 18 42 3
57 18 42 3
58 18 42 3
59 18 42 3
60 18 42 3
61 18 42 3
62 18 42 3
63 18 42 3
64 18 42 3
65 18 42 3
