0 35 26 56
1 35 26 56
2 35 26 56
3 35 26 56
4 35 26 56
5 35 26 56
6 35 26 56
7 35 26 56
8 35 26 56
9 35 26 56
10 35 26 56
11 35 26 56
12 35 26 56
13 35 26 56
14 35 26 56
15 35 26 56
16 35 26 56
17 35 26 56
18 35 26 56
19 35 26 56
20 35 26 56
21 35 26 56
22 35 26 56
23 35 26 56
24 35 26 56
25 35 26 56
26 35 26 56
27 35 26 56
28 35 26 56
29 35 26 56
30 35 26 56
31 35 26 56
32 35 26 56
33 35 26 56
34 35 26 56
35 35 26 56
36 35 26 56
37 35 26 56
38 35 26 56
39 35 26 56
40 35 26 56
41 35 26 56
42 35 26 56
43 35 26 56
44 35 26 56
45 35 26 56
46 35 26 56
47 35 26 56
48 35 26 56
49 35 26 56
50 35 26 56
51 35 26 56
52 35 26 56
53 35 26 56
54 35 26 56
55 35 26 56
56 35 26 56
57 35 26 56
58 35 26 56
59 35 26 56
60 35 26 56
61 35 26 56
62 35 26 56
63 35 26 56
64 35 26 56
65 35 26 56
