0.0 60.63 14.17 18.89
1.0 58.62 17.92 18.69
2.0 54.89 22.33 19.65
3.0 55.06 24.42 18.13
4.0 51.83 26.19 19.73
5.0 54.63 25.50 20.00
6.0 51.86 21.97 20.00
7.0 54.30 23.73 18.14
8.0 57.76 21.55 17.30
9.0 55.70 22.23 16.60
10.0 52.83 26.82 16.48
11.0 54.31 31.42 15.25
12.0 57.51 27.05 14.00
13.0 61.98 27.93 15.34
14.0 66.82 25.86 16.22
15.0 62.35 26.52 15.86
16.0 57.82 24.94 17.36
17.0 54.04 29.68 17.78
18.0 54.87 28.81 18.33
19.0 53.73 25.04 19.50
20.0 51.00 27.50 20.00
21.0 47.75 24.36 19.11
22.0 44.84 29.05 18.52
23.0 43.48 28.29 20.00
24.0 39.49 27.01 20.00
25.0 37.33 22.43 20.00
26.0 38.78 20.21 20.00
27.0 37.10 23.55 19.13
28.0 40.02 21.21 19.92
29.0 45.02 19.40 20.00
30.0 45.79 16.09 20.00
31.0 45.98 15.28 19.92
32.0 50.52 16.70 19.14
33.0 51.02 16.97 20.00
34.0 55.96 17.71 20.00
35.0 58.04 21.91 19.48
36.0 61.59 23.67 20.00
37.0 64.09 19.28 20.00
38.0 59.52 21.03 19.95
39.0 58.33 20.36 19.57
40.0 61.88 16.67 20.00
41.0 60.72 11.81 20.00
42.0 62.50 11.98 18.56
43.0 57.66 10.78 18.90
44.0 53.21 7.85 17.46
45.0 49.99 4.48 18.25
46.0 46.30 2.95 19.79
47.0 48.26 5.66 19.27
48.0 43.37 7.02 20.00
49.0 43.45 5.32 18.38
50.0 44.92 6.45 20.00
51.0 49.15 5.70 20.00
52.0 50.17 2.23 18.31
53.0 51.84 0.00 16.62
54.0 53.27 0.90 14.84
55.0 53.81 0.00 13.72
56.0 56.96 0.00 12.39
57.0 54.53 0.00 11.99
58.0 49.65 0.00 11.79
59.0 46.54 0.00 13.67
60.0 49.84 0.00 12.17
