0.0 78.22 49.73 19.99
1.0 74.45 50.59 18.44
2.0 77.91 53.16 19.29
3.0 82.33 53.85 18.86
4.0 85.98 49.12 19.47
5.0 85.59 45.59 18.08
6.0 90.20 47.73 18.79
7.0 86.78 45.71 17.20
8.0 86.67 42.23 16.56
9.0 90.75 39.27 15.52
10.0 93.35 42.26 16.59
11.0 92.03 46.83 14.78
12.0 90.68 42.28 14.87
13.0 88.33 44.62 16.29
14.0 87.68 48.34 16.73
15.0 84.56 43.95 16.53
16.0 87.04 48.17 14.87
17.0 91.75 48.45 14.73
18.0 91.41 45.42 14.88
19.0 89.46 49.42 13.52
20.0 88.29 50.40 12.54
21.0 88.18 47.15 14.47
22.0 92.86 45.31 15.56
23.0 92.73 42.77 15.63
24.0 89.89 42.34 16.82
25.0 90.68 45.86 17.98
26.0 91.31 46.62 17.21
27.0 87.57 46.38 17.93
28.0 86.96 49.79 19.00
29.0 86.47 45.50 18.61
30.0 89.73 44.14 20.00
31.0 86.43 40.05 18.92
32.0 84.82 41.34 20.00
33.0 81.61 44.37 19.18
34.0 79.62 41.25 19.23
35.0 77.29 40.79 20.00
36.0 73.63 43.14 19.05
37.0 69.38 41.58 19.64
38.0 67.88 41.45 20.00
39.0 71.13 39.08 18.12
40.0 73.49 40.76 18.03
41.0 76.34 42.44 16.25
42.0 78.23 39.89 15.46
43.0 76.62 44.30 16.16
44.0 81.41 41.19 15.52
45.0 81.87 36.47 17.44
46.0 80.64 37.77 15.91
47.0 77.54 35.65 17.10
48.0 80.48 35.34 17.12
49.0 77.34 32.25 16.11
50.0 78.23 29.70 16.82
51.0 73.78 24.97 18.00
52.0 72.58 21.43 19.91
53.0 73.67 21.04 20.00
54.0 73.90 23.36 20.00
55.0 72.89 25.63 20.00
56.0 76.39 24.54 20.00
57.0 79.93 23.03 19.88
58.0 80.16 23.23 18.26
59.0 77.98 26.46 19.35
60.0 82.81 26.23 19.07
