0 32 29 96
1 32 29 96
2 32 29 96
3 32 29 96
4 32 29 96
5 32 29 96
6 32 29 96
7 32 29 96
8 32 29 96
9 32 29 96
10 32 29 96
11 32 29 96
12 32 29 96
13 32 29 96
14 32 29 96
15 32 29 96
16 32 29 96
17 32 29 96
18 32 29 96
19 32 29 96
20 32 29 96
21 32 29 96
22 32 29 96
23 32 29 96
24 32 29 96
25 32 29 96
26 32 29 96
27 32 29 96
28 32 29 96
29 32 29 96
30 32 29 96
31 32 29 96
32 32 29 96
33 32 29 96
34 32 29 96
35 32 29 96
36 32 29 96
37 32 29 96
38 32 29 96
39 32 29 96
40 32 29 96
41 32 29 96
42 32 29 96
43 32 29 96
44 32 29 96
45 32 29 96
46 32 29 96
47 32 29 96
48 32 29 96
49 32 29 96
50 32 29 96
51 32 29 96
52 32 29 96
53 32 29 96
54 32 29 96
55 32 29 96
56 32 29 96
57 32 29 96
58 32 29 96
59 32 29 96
60 32 29 96
61 32 29 96
62 32 29 96
63 32 29 96
64 32 29 96
65 32 29 96
