0 24 38 74
1 24 38 74
2 24 38 74
3 24 38 74
4 24 38 74
5 24 38 74
6 24 38 74
7 24 38 74
8 24 38 74
9 24 38 74
10 24 38 74
11 24 38 74
12 24 38 74
13 24 38 74
14 24 38 74
15 24 38 74
16 24 38 74
17 24 38 74
18 24 38 74
19 24 38 74
20 24 38 74
21 24 38 74
22 24 38 74
23 24 38 74
24 24 38 74
25 24 38 74
26 24 38 74
27 24 38 74
28 24 38 74
29 24 38 74
30 24 38 74
31 24 38 74
32 24 38 74
33 24 38 74
34 24 38 74
35 24 38 74
36 24 38 74
37 24 38 74
38 24 38 74
39 24 38 74
40 24 38 74
41 24 38 74
42 24 38 74
43 24 38 74
44 24 38 74
45 24 38 74
46 24 38 74
47 24 38 74
48 24 38 74
49 24 38 74
50 24 38 74
51 24 38 74
52 24 38 74
53 24 38 74
54 24 38 74
55 24 38 74
56 24 38 74
57 24 38 74
58 24 38 74
59 24 38 74
60 24 38 74
61 24 38 74
62 24 38 74
63 24 38 74
64 24 38 74
65 24 38 74
