0 31 27 67
1 31 27 67
2 31 27 67
3 31 27 67
4 31 27 67
5 31 27 67
6 31 27 67
7 31 27 67
8 31 27 67
9 31 27 67
10 31 27 67
11 31 27 67
12 31 27 67
13 31 27 67
14 31 27 67
15 31 27 67
16 31 27 67
17 31 27 67
18 31 27 67
19 31 27 67
20 31 27 67
21 31 27 67
22 31 27 67
23 31 27 67
24 31 27 67
25 31 27 67
26 31 27 67
27 31 27 67
28 31 27 67
29 31 27 67
30 31 27 67
31 31 27 67
32 31 27 67
33 31 27 67
34 31 27 67
35 31 27 67
36 31 27 67
37 31 27 67
38 31 27 67
39 31 27 67
40 31 27 67
41 31 27 67
42 31 27 67
43 31 27 67
44 31 27 67
45 31 27 67
46 31 27 67
47 31 27 67
48 31 27 67
49 31 27 67
50 31 27 67
51 31 27 67
52 31 27 67
53 31 27 67
54 31 27 67
55 31 27 67
56 31 27 67
57 31 27 67
58 31 27 67
59 31 27 67
60 31 27 67
61 31 27 67
62 31 27 67
63 31 27 67
64 31 27 67
65 31 27 67
