0 48 23 8
1 48 23 8
2 48 23 8
3 48 23 8
4 48 23 8
5 48 23 8
6 48 23 8
7 48 23 8
8 48 23 8
9 48 23 8
10 48 23 8
11 48 23 8
12 48 23 8
13 48 23 8
14 48 23 8
15 48 23 8
16 48 23 8
17 48 23 8
18 48 23 8
19 48 23 8
20 48 23 8
21 48 23 8
22 48 23 8
23 48 23 8
24 48 23 8
25 48 23 8
26 48 23 8
27 48 23 8
28 48 23 8
29 48 23 8
30 48 23 8
31 48 23 8
32 48 23 8
33 48 23 8
34 48 23 8
35 48 23 8
36 48 23 8
37 48 23 8
38 48 23 8
39 48 23 8
40 48 23 8
41 48 23 8
42 48 23 8
43 48 23 8
44 48 23 8
45 48 23 8
46 48 23 8
47 48 23 8
48 48 23 8
49 48 23 8
50 48 23 8
51 48 23 8
52 48 23 8
53 48 23 8
54 48 23 8
55 48 23 8
56 48 23 8
57 48 23 8
58 48 23 8
59 48 23 8
60 48 23 8
61 48 23 8
62 48 23 8
63 48 23 8
64 48 23 8
65 48 23 8
