0 32 35 39
1 32 35 39
2 32 35 39
3 32 35 39
4 32 35 39
5 32 35 39
6 32 35 39
7 32 35 39
8 32 35 39
9 32 35 39
10 32 35 39
11 32 35 39
12 32 35 39
13 32 35 39
14 32 35 39
15 32 35 39
16 32 35 39
17 32 35 39
18 32 35 39
19 32 35 39
20 32 35 39
21 32 35 39
22 32 35 39
23 32 35 39
24 32 35 39
25 32 35 39
26 32 35 39
27 32 35 39
28 32 35 39
29 32 35 39
30 32 35 39
31 32 35 39
32 32 35 39
33 32 35 39
34 32 35 39
35 32 35 39
36 32 35 39
37 32 35 39
38 32 35 39
39 32 35 39
40 32 35 39
41 32 35 39
42 32 35 39
43 32 35 39
44 32 35 39
45 32 35 39
46 32 35 39
47 32 35 39
48 32 35 39
49 32 35 39
50 32 35 39
51 32 35 39
52 32 35 39
53 32 35 39
54 32 35 39
55 32 35 39
56 32 35 39
57 32 35 39
58 32 35 39
59 32 35 39
60 32 35 39
61 32 35 39
62 32 35 39
63 32 35 39
64 32 35 39
65 32 35 39
