0 33 35 94
1 33 35 94
2 33 35 94
3 33 35 94
4 33 35 94
5 33 35 94
6 33 35 94
7 33 35 94
8 33 35 94
9 33 35 94
10 33 35 94
11 33 35 94
12 33 35 94
13 33 35 94
14 33 35 94
15 33 35 94
16 33 35 94
17 33 35 94
18 33 35 94
19 33 35 94
20 33 35 94
21 33 35 94
22 33 35 94
23 33 35 94
24 33 35 94
25 33 35 94
26 33 35 94
27 33 35 94
28 33 35 94
29 33 35 94
30 33 35 94
31 33 35 94
32 33 35 94
33 33 35 94
34 33 35 94
35 33 35 94
36 33 35 94
37 33 35 94
38 33 35 94
39 33 35 94
40 33 35 94
41 33 35 94
42 33 35 94
43 33 35 94
44 33 35 94
45 33 35 94
46 33 35 94
47 33 35 94
48 33 35 94
49 33 35 94
50 33 35 94
51 33 35 94
52 33 35 94
53 33 35 94
54 33 35 94
55 33 35 94
56 33 35 94
57 33 35 94
58 33 35 94
59 33 35 94
60 33 35 94
61 33 35 94
62 33 35 94
63 33 35 94
64 33 35 94
65 33 35 94
