0 30 18 68
1 30 18 68
2 30 18 68
3 30 18 68
4 30 18 68
5 30 18 68
6 30 18 68
7 30 18 68
8 30 18 68
9 30 18 68
10 30 18 68
11 30 18 68
12 30 18 68
13 30 18 68
14 30 18 68
15 30 18 68
16 30 18 68
17 30 18 68
18 30 18 68
19 30 18 68
20 30 18 68
21 30 18 68
22 30 18 68
23 30 18 68
24 30 18 68
25 30 18 68
26 30 18 68
27 30 18 68
28 30 18 68
29 30 18 68
30 30 18 68
31 30 18 68
32 30 18 68
33 30 18 68
34 30 18 68
35 30 18 68
36 30 18 68
37 30 18 68
38 30 18 68
39 30 18 68
40 30 18 68
41 30 18 68
42 30 18 68
43 30 18 68
44 30 18 68
45 30 18 68
46 30 18 68
47 30 18 68
48 30 18 68
49 30 18 68
50 30 18 68
51 30 18 68
52 30 18 68
53 30 18 68
54 30 18 68
55 30 18 68
56 30 18 68
57 30 18 68
58 30 18 68
59 30 18 68
60 30 18 68
61 30 18 68
62 30 18 68
63 30 18 68
64 30 18 68
65 30 18 68
