0 17 31 92
1 17 31 92
2 17 31 92
3 17 31 92
4 17 31 92
5 17 31 92
6 17 31 92
7 17 31 92
8 17 31 92
9 17 31 92
10 17 31 92
11 17 31 92
12 17 31 92
13 17 31 92
14 17 31 92
15 17 31 92
16 17 31 92
17 17 31 92
18 17 31 92
19 17 31 92
20 17 31 92
21 17 31 92
22 17 31 92
23 17 31 92
24 17 31 92
25 17 31 92
26 17 31 92
27 17 31 92
28 17 31 92
29 17 31 92
30 17 31 92
31 17 31 92
32 17 31 92
33 17 31 92
34 17 31 92
35 17 31 92
36 17 31 92
37 17 31 92
38 17 31 92
39 17 31 92
40 17 31 92
41 17 31 92
42 17 31 92
43 17 31 92
44 17 31 92
45 17 31 92
46 17 31 92
47 17 31 92
48 17 31 92
49 17 31 92
50 17 31 92
51 17 31 92
52 17 31 92
53 17 31 92
54 17 31 92
55 17 31 92
56 17 31 92
57 17 31 92
58 17 31 92
59 17 31 92
60 17 31 92
61 17 31 92
62 17 31 92
63 17 31 92
64 17 31 92
65 17 31 92
