0 17 38 3
1 17 38 3
2 17 38 3
3 17 38 3
4 17 38 3
5 17 38 3
6 17 38 3
7 17 38 3
8 17 38 3
9 17 38 3
10 17 38 3
11 17 38 3
12 17 38 3
13 17 38 3
14 17 38 3
15 17 38 3
16 17 38 3
17 17 38 3
18 17 38 3
19 17 38 3
20 17 38 3
21 17 38 3
22 17 38 3
23 17 38 3
24 17 38 3
25 17 38 3
26 17 38 3
27 17 38 3
28 17 38 3
29 17 38 3
30 17 38 3
31 17 38 3
32 17 38 3
33 17 38 3
34 17 38 3
35 17 38 3
36 17 38 3
37 17 38 3
38 17 38 3
39 17 38 3
40 17 38 3
41 17 38 3
42 17 38 3
43 17 38 3
44 17 38 3
45 17 38 3
46 17 38 3
47 17 38 3
48 17 38 3
49 17 38 3
50 17 38 3
51 17 38 3
52 17 38 3
53 17 38 3
54 17 38 3
55 17 38 3
56 17 38 3
57 17 38 3
58 17 38 3
59 17 38 3
60 17 38 3
61 17 38 3
62 17 38 3
63 17 38 3
64 17 38 3
65 17 38 3
