0 29 32 96
1 29 32 96
2 29 32 96
3 29 32 96
4 29 32 96
5 29 32 96
6 29 32 96
7 29 32 96
8 29 32 96
9 29 32 96
10 29 32 96
11 29 32 96
12 29 32 96
13 29 32 96
14 29 32 96
15 29 32 96
16 29 32 96
17 29 32 96
18 29 32 96
19 29 32 96
20 29 32 96
21 29 32 96
22 29 32 96
23 29 32 96
24 29 32 96
25 29 32 96
26 29 32 96
27 29 32 96
28 29 32 96
29 29 32 96
30 29 32 96
31 29 32 96
32 29 32 96
33 29 32 96
34 29 32 96
35 29 32 96
36 29 32 96
37 29 32 96
38 29 32 96
39 29 32 96
40 29 32 96
41 29 32 96
42 29 32 96
43 29 32 96
44 29 32 96
45 29 32 96
46 29 32 96
47 29 32 96
48 29 32 96
49 29 32 96
50 29 32 96
51 29 32 96
52 29 32 96
53 29 32 96
54 29 32 96
55 29 32 96
56 29 32 96
57 29 32 96
58 29 32 96
59 29 32 96
60 29 32 96
61 29 32 96
62 29 32 96
63 29 32 96
64 29 32 96
65 29 32 96
