0 28 44 64
1 28 44 64
2 28 44 64
3 28 44 64
4 28 44 64
5 28 44 64
6 28 44 64
7 28 44 64
8 28 44 64
9 28 44 64
10 28 44 64
11 28 44 64
12 28 44 64
13 28 44 64
14 28 44 64
15 28 44 64
16 28 44 64
17 28 44 64
18 28 44 64
19 28 44 64
20 28 44 64
21 28 44 64
22 28 44 64
23 28 44 64
24 28 44 64
25 28 44 64
26 28 44 64
27 28 44 64
28 28 44 64
29 28 44 64
30 28 44 64
31 28 44 64
32 28 44 64
33 28 44 64
34 28 44 64
35 28 44 64
36 28 44 64
37 28 44 64
38 28 44 64
39 28 44 64
40 28 44 64
41 28 44 64
42 28 44 64
43 28 44 64
44 28 44 64
45 28 44 64
46 28 44 64
47 28 44 64
48 28 44 64
49 28 44 64
50 28 44 64
51 28 44 64
52 28 44 64
53 28 44 64
54 28 44 64
55 28 44 64
56 28 44 64
57 28 44 64
58 28 44 64
59 28 44 64
60 28 44 64
61 28 44 64
62 28 44 64
63 28 44 64
64 28 44 64
65 28 44 64
