0 23 11 31
1 23 11 31
2 23 11 31
3 23 11 31
4 23 11 31
5 23 11 31
6 23 11 31
7 23 11 31
8 23 11 31
9 23 11 31
10 23 11 31
11 23 11 31
12 23 11 31
13 23 11 31
14 23 11 31
15 23 11 31
16 23 11 31
17 23 11 31
18 23 11 31
19 23 11 31
20 23 11 31
21 23 11 31
22 23 11 31
23 23 11 31
24 23 11 31
25 23 11 31
26 23 11 31
27 23 11 31
28 23 11 31
29 23 11 31
30 23 11 31
31 23 11 31
32 23 11 31
33 23 11 31
34 23 11 31
35 23 11 31
36 23 11 31
37 23 11 31
38 23 11 31
39 23 11 31
40 23 11 31
41 23 11 31
42 23 11 31
43 23 11 31
44 23 11 31
45 23 11 31
46 23 11 31
47 23 11 31
48 23 11 31
49 23 11 31
50 23 11 31
51 23 11 31
52 23 11 31
53 23 11 31
54 23 11 31
55 23 11 31
56 23 11 31
57 23 11 31
58 23 11 31
59 23 11 31
60 23 11 31
61 23 11 31
62 23 11 31
63 23 11 31
64 23 11 31
65 23 11 31
