0 40 35 65
1 40 35 65
2 40 35 65
3 40 35 65
4 40 35 65
5 40 35 65
6 40 35 65
7 40 35 65
8 40 35 65
9 40 35 65
10 40 35 65
11 40 35 65
12 40 35 65
13 40 35 65
14 40 35 65
15 40 35 65
16 40 35 65
17 40 35 65
18 40 35 65
19 40 35 65
20 40 35 65
21 40 35 65
22 40 35 65
23 40 35 65
24 40 35 65
25 40 35 65
26 40 35 65
27 40 35 65
28 40 35 65
29 40 35 65
30 40 35 65
31 40 35 65
32 40 35 65
33 40 35 65
34 40 35 65
35 40 35 65
36 40 35 65
37 40 35 65
38 40 35 65
39 40 35 65
40 40 35 65
41 40 35 65
42 40 35 65
43 40 35 65
44 40 35 65
45 40 35 65
46 40 35 65
47 40 35 65
48 40 35 65
49 40 35 65
50 40 35 65
51 40 35 65
52 40 35 65
53 40 35 65
54 40 35 65
55 40 35 65
56 40 35 65
57 40 35 65
58 40 35 65
59 40 35 65
60 40 35 65
61 40 35 65
62 40 35 65
63 40 35 65
64 40 35 65
65 40 35 65
