0 28 19 68
1 28 19 68
2 28 19 68
3 28 19 68
4 28 19 68
5 28 19 68
6 28 19 68
7 28 19 68
8 28 19 68
9 28 19 68
10 28 19 68
11 28 19 68
12 28 19 68
13 28 19 68
14 28 19 68
15 28 19 68
16 28 19 68
17 28 19 68
18 28 19 68
19 28 19 68
20 28 19 68
21 28 19 68
22 28 19 68
23 28 19 68
24 28 19 68
25 28 19 68
26 28 19 68
27 28 19 68
28 28 19 68
29 28 19 68
30 28 19 68
31 28 19 68
32 28 19 68
33 28 19 68
34 28 19 68
35 28 19 68
36 28 19 68
37 28 19 68
38 28 19 68
39 28 19 68
40 28 19 68
41 28 19 68
42 28 19 68
43 28 19 68
44 28 19 68
45 28 19 68
46 28 19 68
47 28 19 68
48 28 19 68
49 28 19 68
50 28 19 68
51 28 19 68
52 28 19 68
53 28 19 68
54 28 19 68
55 28 19 68
56 28 19 68
57 28 19 68
58 28 19 68
59 28 19 68
60 28 19 68
61 28 19 68
62 28 19 68
63 28 19 68
64 28 19 68
65 28 19 68
