0.0 2.18 24.77 1.79
1.0 0.00 25.11 2.74
2.0 0.39 27.43 2.27
3.0 4.46 32.31 0.29
4.0 7.03 35.16 1.57
5.0 6.71 36.61 3.07
6.0 2.42 40.85 3.06
7.0 3.57 38.67 4.00
8.0 0.00 35.93 2.10
9.0 0.84 39.29 3.55
10.0 2.02 43.73 4.09
11.0 2.83 40.08 4.67
12.0 0.00 41.02 6.26
13.0 3.68 44.39 5.17
14.0 5.10 45.95 3.87
15.0 3.73 43.00 3.21
16.0 0.01 45.31 3.68
17.0 0.00 43.55 3.54
18.0 0.00 38.97 2.56
19.0 0.04 36.82 0.77
20.0 0.09 34.28 0.04
21.0 4.54 29.51 0.00
22.0 0.38 31.83 0.68
23.0 0.00 36.45 0.00
24.0 0.00 36.51 0.00
25.0 2.81 32.97 0.00
26.0 1.41 35.60 1.80
27.0 0.96 36.27 2.60
28.0 1.99 31.27 0.90
29.0 0.00 36.18 2.67
30.0 0.00 39.82 4.50
31.0 0.00 42.54 3.52
32.0 0.00 45.26 1.96
33.0 1.11 48.53 2.91
34.0 1.58 49.81 3.00
35.0 2.79 52.33 2.52
36.0 7.19 54.61 2.75
37.0 12.19 49.68 4.31
38.0 9.90 52.30 6.03
39.0 13.11 54.16 4.98
40.0 17.69 53.80 4.17
41.0 18.85 52.58 5.20
42.0 23.18 55.13 3.27
43.0 27.85 54.38 2.80
44.0 28.19 57.12 2.30
45.0 27.32 57.74 1.63
46.0 29.86 59.44 0.36
47.0 27.16 59.98 0.00
48.0 30.08 55.76 0.48
49.0 29.19 53.24 0.41
50.0 33.85 54.60 0.78
51.0 31.50 49.80 0.81
52.0 26.61 48.59 1.49
53.0 29.71 44.54 0.09
54.0 27.19 41.64 0.00
55.0 25.56 42.55 0.00
56.0 28.94 45.23 0.00
57.0 32.61 40.81 0.00
58.0 35.52 45.26 0.00
59.0 38.52 45.21 1.03
60.0 34.92 40.42 0.00
