0 16 39 31
1 16 39 31
2 16 39 31
3 16 39 31
4 16 39 31
5 16 39 31
6 16 39 31
7 16 39 31
8 16 39 31
9 16 39 31
10 16 39 31
11 16 39 31
12 16 39 31
13 16 39 31
14 16 39 31
15 16 39 31
16 16 39 31
17 16 39 31
18 16 39 31
19 16 39 31
20 16 39 31
21 16 39 31
22 16 39 31
23 16 39 31
24 16 39 31
25 16 39 31
26 16 39 31
27 16 39 31
28 16 39 31
29 16 39 31
30 16 39 31
31 16 39 31
32 16 39 31
33 16 39 31
34 16 39 31
35 16 39 31
36 16 39 31
37 16 39 31
38 16 39 31
39 16 39 31
40 16 39 31
41 16 39 31
42 16 39 31
43 16 39 31
44 16 39 31
45 16 39 31
46 16 39 31
47 16 39 31
48 16 39 31
49 16 39 31
50 16 39 31
51 16 39 31
52 16 39 31
53 16 39 31
54 16 39 31
55 16 39 31
56 16 39 31
57 16 39 31
58 16 39 31
59 16 39 31
60 16 39 31
61 16 39 31
62 16 39 31
63 16 39 31
64 16 39 31
65 16 39 31
