0 33 8 3
1 33 8 3
2 33 8 3
3 33 8 3
4 33 8 3
5 33 8 3
6 33 8 3
7 33 8 3
8 33 8 3
9 33 8 3
10 33 8 3
11 33 8 3
12 33 8 3
13 33 8 3
14 33 8 3
15 33 8 3
16 33 8 3
17 33 8 3
18 33 8 3
19 33 8 3
20 33 8 3
21 33 8 3
22 33 8 3
23 33 8 3
24 33 8 3
25 33 8 3
26 33 8 3
27 33 8 3
28 33 8 3
29 33 8 3
30 33 8 3
31 33 8 3
32 33 8 3
33 33 8 3
34 33 8 3
35 33 8 3
36 33 8 3
37 33 8 3
38 33 8 3
39 33 8 3
40 33 8 3
41 33 8 3
42 33 8 3
43 33 8 3
44 33 8 3
45 33 8 3
46 33 8 3
47 33 8 3
48 33 8 3
49 33 8 3
50 33 8 3
51 33 8 3
52 33 8 3
53 33 8 3
54 33 8 3
55 33 8 3
56 33 8 3
57 33 8 3
58 33 8 3
59 33 8 3
60 33 8 3
61 33 8 3
62 33 8 3
63 33 8 3
64 33 8 3
65 33 8 3
