0 47 17 10
1 47 17 10
2 47 17 10
3 47 17 10
4 47 17 10
5 47 17 10
6 47 17 10
7 47 17 10
8 47 17 10
9 47 17 10
10 47 17 10
11 47 17 10
12 47 17 10
13 47 17 10
14 47 17 10
15 47 17 10
16 47 17 10
17 47 17 10
18 47 17 10
19 47 17 10
20 47 17 10
21 47 17 10
22 47 17 10
23 47 17 10
24 47 17 10
25 47 17 10
26 47 17 10
27 47 17 10
28 47 17 10
29 47 17 10
30 47 17 10
31 47 17 10
32 47 17 10
33 47 17 10
34 47 17 10
35 47 17 10
36 47 17 10
37 47 17 10
38 47 17 10
39 47 17 10
40 47 17 10
41 47 17 10
42 47 17 10
43 47 17 10
44 47 17 10
45 47 17 10
46 47 17 10
47 47 17 10
48 47 17 10
49 47 17 10
50 47 17 10
51 47 17 10
52 47 17 10
53 47 17 10
54 47 17 10
55 47 17 10
56 47 17 10
57 47 17 10
58 47 17 10
59 47 17 10
60 47 17 10
61 47 17 10
62 47 17 10
63 47 17 10
64 47 17 10
65 47 17 10
