0 30 25 67
1 30 25 67
2 30 25 67
3 30 25 67
4 30 25 67
5 30 25 67
6 30 25 67
7 30 25 67
8 30 25 67
9 30 25 67
10 30 25 67
11 30 25 67
12 30 25 67
13 30 25 67
14 30 25 67
15 30 25 67
16 30 25 67
17 30 25 67
18 30 25 67
19 30 25 67
20 30 25 67
21 30 25 67
22 30 25 67
23 30 25 67
24 30 25 67
25 30 25 67
26 30 25 67
27 30 25 67
28 30 25 67
29 30 25 67
30 30 25 67
31 30 25 67
32 30 25 67
33 30 25 67
34 30 25 67
35 30 25 67
36 30 25 67
37 30 25 67
38 30 25 67
39 30 25 67
40 30 25 67
41 30 25 67
42 30 25 67
43 30 25 67
44 30 25 67
45 30 25 67
46 30 25 67
47 30 25 67
48 30 25 67
49 30 25 67
50 30 25 67
51 30 25 67
52 30 25 67
53 30 25 67
54 30 25 67
55 30 25 67
56 30 25 67
57 30 25 67
58 30 25 67
59 30 25 67
60 30 25 67
61 30 25 67
62 30 25 67
63 30 25 67
64 30 25 67
65 30 25 67
