0 28 41 66
1 28 41 66
2 28 41 66
3 28 41 66
4 28 41 66
5 28 41 66
6 28 41 66
7 28 41 66
8 28 41 66
9 28 41 66
10 28 41 66
11 28 41 66
12 28 41 66
13 28 41 66
14 28 41 66
15 28 41 66
16 28 41 66
17 28 41 66
18 28 41 66
19 28 41 66
20 28 41 66
21 28 41 66
22 28 41 66
23 28 41 66
24 28 41 66
25 28 41 66
26 28 41 66
27 28 41 66
28 28 41 66
29 28 41 66
30 28 41 66
31 28 41 66
32 28 41 66
33 28 41 66
34 28 41 66
35 28 41 66
36 28 41 66
37 28 41 66
38 28 41 66
39 28 41 66
40 28 41 66
41 28 41 66
42 28 41 66
43 28 41 66
44 28 41 66
45 28 41 66
46 28 41 66
47 28 41 66
48 28 41 66
49 28 41 66
50 28 41 66
51 28 41 66
52 28 41 66
53 28 41 66
54 28 41 66
55 28 41 66
56 28 41 66
57 28 41 66
58 28 41 66
59 28 41 66
60 28 41 66
61 28 41 66
62 28 41 66
63 28 41 66
64 28 41 66
65 28 41 66
