0 38 9 18
1 38 9 18
2 38 9 18
3 38 9 18
4 38 9 18
5 38 9 18
6 38 9 18
7 38 9 18
8 38 9 18
9 38 9 18
10 38 9 18
11 38 9 18
12 38 9 18
13 38 9 18
14 38 9 18
15 38 9 18
16 38 9 18
17 38 9 18
18 38 9 18
19 38 9 18
20 38 9 18
21 38 9 18
22 38 9 18
23 38 9 18
24 38 9 18
25 38 9 18
26 38 9 18
27 38 9 18
28 38 9 18
29 38 9 18
30 38 9 18
31 38 9 18
32 38 9 18
33 38 9 18
34 38 9 18
35 38 9 18
36 38 9 18
37 38 9 18
38 38 9 18
39 38 9 18
40 38 9 18
41 38 9 18
42 38 9 18
43 38 9 18
44 38 9 18
45 38 9 18
46 38 9 18
47 38 9 18
48 38 9 18
49 38 9 18
50 38 9 18
51 38 9 18
52 38 9 18
53 38 9 18
54 38 9 18
55 38 9 18
56 38 9 18
57 38 9 18
58 38 9 18
59 38 9 18
60 38 9 18
61 38 9 18
62 38 9 18
63 38 9 18
64 38 9 18
65 38 9 18
