0 26 37 94
1 26 37 94
2 26 37 94
3 26 37 94
4 26 37 94
5 26 37 94
6 26 37 94
7 26 37 94
8 26 37 94
9 26 37 94
10 26 37 94
11 26 37 94
12 26 37 94
13 26 37 94
14 26 37 94
15 26 37 94
16 26 37 94
17 26 37 94
18 26 37 94
19 26 37 94
20 26 37 94
21 26 37 94
22 26 37 94
23 26 37 94
24 26 37 94
25 26 37 94
26 26 37 94
27 26 37 94
28 26 37 94
29 26 37 94
30 26 37 94
31 26 37 94
32 26 37 94
33 26 37 94
34 26 37 94
35 26 37 94
36 26 37 94
37 26 37 94
38 26 37 94
39 26 37 94
40 26 37 94
41 26 37 94
42 26 37 94
43 26 37 94
44 26 37 94
45 26 37 94
46 26 37 94
47 26 37 94
48 26 37 94
49 26 37 94
50 26 37 94
51 26 37 94
52 26 37 94
53 26 37 94
54 26 37 94
55 26 37 94
56 26 37 94
57 26 37 94
58 26 37 94
59 26 37 94
60 26 37 94
61 26 37 94
62 26 37 94
63 26 37 94
64 26 37 94
65 26 37 94
