0.0 9.24 45.72 14.19
1.0 4.55 50.11 15.27
2.0 1.88 48.60 13.35
3.0 3.74 45.75 14.10
4.0 3.83 41.48 15.06
5.0 6.86 45.85 15.57
6.0 9.18 47.99 16.16
7.0 12.52 48.49 18.00
8.0 12.79 48.36 19.44
9.0 10.41 50.50 20.00
10.0 12.06 51.03 20.00
11.0 9.10 46.82 20.00
12.0 11.02 42.72 20.00
13.0 7.19 39.98 19.59
14.0 12.01 37.45 20.00
15.0 7.35 42.33 19.27
16.0 4.07 44.89 18.17
17.0 0.00 46.70 18.43
18.0 0.00 50.61 17.58
19.0 0.70 53.87 19.37
20.0 0.00 54.65 18.55
21.0 0.00 54.95 18.22
22.0 0.00 55.29 17.46
23.0 0.77 58.20 16.08
24.0 0.00 55.15 14.59
25.0 0.00 55.50 12.62
26.0 2.47 56.20 13.80
27.0 3.60 60.60 12.04
28.0 4.62 60.74 13.52
29.0 2.53 61.91 11.99
30.0 0.00 60.34 13.57
31.0 3.77 62.05 12.23
32.0 1.50 58.12 14.10
33.0 0.00 53.75 12.96
34.0 0.00 49.39 12.22
35.0 4.45 44.62 13.58
36.0 1.17 47.86 13.74
37.0 0.00 44.63 12.03
38.0 0.00 41.23 13.94
39.0 4.04 45.65 14.36
40.0 1.70 43.60 13.72
41.0 2.67 48.36 14.44
42.0 1.18 47.00 13.86
43.0 0.00 50.14 12.01
44.0 0.00 50.71 10.71
45.0 0.00 45.79 10.39
46.0 0.00 44.71 10.84
47.0 4.20 45.03 9.25
48.0 2.76 46.10 10.42
49.0 0.48 41.62 11.81
50.0 4.71 38.72 11.54
51.0 7.81 42.60 13.50
52.0 8.50 37.89 14.16
53.0 11.00 36.14 12.75
54.0 10.61 36.49 11.62
55.0 15.59 40.05 10.68
56.0 12.77 39.67 10.04
57.0 8.61 35.88 9.53
58.0 11.72 34.29 10.77
59.0 10.92 39.26 9.66
60.0 15.74 37.10 11.20
