0 37 25 35
1 37 25 35
2 37 25 35
3 37 25 35
4 37 25 35
5 37 25 35
6 37 25 35
7 37 25 35
8 37 25 35
9 37 25 35
10 37 25 35
11 37 25 35
12 37 25 35
13 37 25 35
14 37 25 35
15 37 25 35
16 37 25 35
17 37 25 35
18 37 25 35
19 37 25 35
20 37 25 35
21 37 25 35
22 37 25 35
23 37 25 35
24 37 25 35
25 37 25 35
26 37 25 35
27 37 25 35
28 37 25 35
29 37 25 35
30 37 25 35
31 37 25 35
32 37 25 35
33 37 25 35
34 37 25 35
35 37 25 35
36 37 25 35
37 37 25 35
38 37 25 35
39 37 25 35
40 37 25 35
41 37 25 35
42 37 25 35
43 37 25 35
44 37 25 35
45 37 25 35
46 37 25 35
47 37 25 35
48 37 25 35
49 37 25 35
50 37 25 35
51 37 25 35
52 37 25 35
53 37 25 35
54 37 25 35
55 37 25 35
56 37 25 35
57 37 25 35
58 37 25 35
59 37 25 35
60 37 25 35
61 37 25 35
62 37 25 35
63 37 25 35
64 37 25 35
65 37 25 35
