0 18 37 66
1 18 37 66
2 18 37 66
3 18 37 66
4 18 37 66
5 18 37 66
6 18 37 66
7 18 37 66
8 18 37 66
9 18 37 66
10 18 37 66
11 18 37 66
12 18 37 66
13 18 37 66
14 18 37 66
15 18 37 66
16 18 37 66
17 18 37 66
18 18 37 66
19 18 37 66
20 18 37 66
21 18 37 66
22 18 37 66
23 18 37 66
24 18 37 66
25 18 37 66
26 18 37 66
27 18 37 66
28 18 37 66
29 18 37 66
30 18 37 66
31 18 37 66
32 18 37 66
33 18 37 66
34 18 37 66
35 18 37 66
36 18 37 66
37 18 37 66
38 18 37 66
39 18 37 66
40 18 37 66
41 18 37 66
42 18 37 66
43 18 37 66
44 18 37 66
45 18 37 66
46 18 37 66
47 18 37 66
48 18 37 66
49 18 37 66
50 18 37 66
51 18 37 66
52 18 37 66
53 18 37 66
54 18 37 66
55 18 37 66
56 18 37 66
57 18 37 66
58 18 37 66
59 18 37 66
60 18 37 66
61 18 37 66
62 18 37 66
63 18 37 66
64 18 37 66
65 18 37 66
