0 28 28 65
1 28 28 65
2 28 28 65
3 28 28 65
4 28 28 65
5 28 28 65
6 28 28 65
7 28 28 65
8 28 28 65
9 28 28 65
10 28 28 65
11 28 28 65
12 28 28 65
13 28 28 65
14 28 28 65
15 28 28 65
16 28 28 65
17 28 28 65
18 28 28 65
19 28 28 65
20 28 28 65
21 28 28 65
22 28 28 65
23 28 28 65
24 28 28 65
25 28 28 65
26 28 28 65
27 28 28 65
28 28 28 65
29 28 28 65
30 28 28 65
31 28 28 65
32 28 28 65
33 28 28 65
34 28 28 65
35 28 28 65
36 28 28 65
37 28 28 65
38 28 28 65
39 28 28 65
40 28 28 65
41 28 28 65
42 28 28 65
43 28 28 65
44 28 28 65
45 28 28 65
46 28 28 65
47 28 28 65
48 28 28 65
49 28 28 65
50 28 28 65
51 28 28 65
52 28 28 65
53 28 28 65
54 28 28 65
55 28 28 65
56 28 28 65
57 28 28 65
58 28 28 65
59 28 28 65
60 28 28 65
61 28 28 65
62 28 28 65
63 28 28 65
64 28 28 65
65 28 28 65
