0 35 22 94
1 35 22 94
2 35 22 94
3 35 22 94
4 35 22 94
5 35 22 94
6 35 22 94
7 35 22 94
8 35 22 94
9 35 22 94
10 35 22 94
11 35 22 94
12 35 22 94
13 35 22 94
14 35 22 94
15 35 22 94
16 35 22 94
17 35 22 94
18 35 22 94
19 35 22 94
20 35 22 94
21 35 22 94
22 35 22 94
23 35 22 94
24 35 22 94
25 35 22 94
26 35 22 94
27 35 22 94
28 35 22 94
29 35 22 94
30 35 22 94
31 35 22 94
32 35 22 94
33 35 22 94
34 35 22 94
35 35 22 94
36 35 22 94
37 35 22 94
38 35 22 94
39 35 22 94
40 35 22 94
41 35 22 94
42 35 22 94
43 35 22 94
44 35 22 94
45 35 22 94
46 35 22 94
47 35 22 94
48 35 22 94
49 35 22 94
50 35 22 94
51 35 22 94
52 35 22 94
53 35 22 94
54 35 22 94
55 35 22 94
56 35 22 94
57 35 22 94
58 35 22 94
59 35 22 94
60 35 22 94
61 35 22 94
62 35 22 94
63 35 22 94
64 35 22 94
65 35 22 94
