0 14 31 86
1 14 31 86
2 14 31 86
3 14 31 86
4 14 31 86
5 14 31 86
6 14 31 86
7 14 31 86
8 14 31 86
9 14 31 86
10 14 31 86
11 14 31 86
12 14 31 86
13 14 31 86
14 14 31 86
15 14 31 86
16 14 31 86
17 14 31 86
18 14 31 86
19 14 31 86
20 14 31 86
21 14 31 86
22 14 31 86
23 14 31 86
24 14 31 86
25 14 31 86
26 14 31 86
27 14 31 86
28 14 31 86
29 14 31 86
30 14 31 86
31 14 31 86
32 14 31 86
33 14 31 86
34 14 31 86
35 14 31 86
36 14 31 86
37 14 31 86
38 14 31 86
39 14 31 86
40 14 31 86
41 14 31 86
42 14 31 86
43 14 31 86
44 14 31 86
45 14 31 86
46 14 31 86
47 14 31 86
48 14 31 86
49 14 31 86
50 14 31 86
51 14 31 86
52 14 31 86
53 14 31 86
54 14 31 86
55 14 31 86
56 14 31 86
57 14 31 86
58 14 31 86
59 14 31 86
60 14 31 86
61 14 31 86
62 14 31 86
63 14 31 86
64 14 31 86
65 14 31 86
