0.0 89.94 70.32 8.75
1.0 93.36 66.05 7.12
2.0 92.72 61.34 6.82
3.0 92.67 59.30 6.55
4.0 93.53 58.22 5.71
5.0 97.15 53.44 5.17
6.0 97.00 52.45 6.26
7.0 93.61 54.00 6.33
8.0 97.47 57.68 5.76
9.0 94.81 58.23 6.05
10.0 90.02 53.62 4.67
11.0 89.34 49.18 5.01
12.0 86.96 44.58 6.70
13.0 91.89 42.20 5.83
14.0 88.07 47.03 6.73
15.0 87.46 44.87 6.30
16.0 87.71 40.45 5.67
17.0 88.02 45.41 6.97
18.0 84.59 40.49 8.95
19.0 84.31 41.84 7.63
20.0 87.91 38.20 7.69
21.0 89.63 34.20 7.23
22.0 93.02 30.38 5.96
23.0 88.93 35.07 6.55
24.0 90.99 36.24 7.60
25.0 92.29 37.06 5.87
26.0 95.74 32.48 6.78
27.0 97.44 35.96 6.94
28.0 98.24 38.72 8.79
29.0 97.19 36.51 8.09
30.0 93.89 36.06 8.85
31.0 89.15 36.33 6.97
32.0 88.87 35.13 7.89
33.0 92.43 39.37 8.89
34.0 96.07 38.94 7.63
35.0 99.52 41.90 7.99
36.0 97.87 40.43 9.13
37.0 95.65 36.50 7.81
38.0 97.44 40.66 6.72
39.0 92.69 37.79 7.34
40.0 90.33 35.87 8.62
41.0 88.23 39.24 7.27
42.0 89.74 35.06 7.81
43.0 88.74 32.94 7.23
44.0 93.10 37.01 6.66
45.0 96.23 35.37 7.79
46.0 98.58 36.17 8.63
47.0 100.00 36.75 9.27
48.0 97.50 32.40 9.66
49.0 97.20 28.07 10.16
50.0 100.00 29.12 11.42
51.0 97.17 29.68 10.09
52.0 93.30 25.03 9.85
53.0 93.17 20.29 11.81
54.0 88.22 20.16 12.21
55.0 89.19 25.11 11.15
56.0 93.52 23.93 11.52
57.0 96.28 25.51 12.24
58.0 92.46 28.02 10.97
59.0 90.44 25.08 9.24
60.0 89.64 29.70 10.66
