0 21 39 31
1 21 39 31
2 21 39 31
3 21 39 31
4 21 39 31
5 21 39 31
6 21 39 31
7 21 39 31
8 21 39 31
9 21 39 31
10 21 39 31
11 21 39 31
12 21 39 31
13 21 39 31
14 21 39 31
15 21 39 31
16 21 39 31
17 21 39 31
18 21 39 31
19 21 39 31
20 21 39 31
21 21 39 31
22 21 39 31
23 21 39 31
24 21 39 31
25 21 39 31
26 21 39 31
27 21 39 31
28 21 39 31
29 21 39 31
30 21 39 31
31 21 39 31
32 21 39 31
33 21 39 31
34 21 39 31
35 21 39 31
36 21 39 31
37 21 39 31
38 21 39 31
39 21 39 31
40 21 39 31
41 21 39 31
42 21 39 31
43 21 39 31
44 21 39 31
45 21 39 31
46 21 39 31
47 21 39 31
48 21 39 31
49 21 39 31
50 21 39 31
51 21 39 31
52 21 39 31
53 21 39 31
54 21 39 31
55 21 39 31
56 21 39 31
57 21 39 31
58 21 39 31
59 21 39 31
60 21 39 31
61 21 39 31
62 21 39 31
63 21 39 31
64 21 39 31
65 21 39 31
