0 41 41 31
1 41 41 31
2 41 41 31
3 41 41 31
4 41 41 31
5 41 41 31
6 41 41 31
7 41 41 31
8 41 41 31
9 41 41 31
10 41 41 31
11 41 41 31
12 41 41 31
13 41 41 31
14 41 41 31
15 41 41 31
16 41 41 31
17 41 41 31
18 41 41 31
19 41 41 31
20 41 41 31
21 41 41 31
22 41 41 31
23 41 41 31
24 41 41 31
25 41 41 31
26 41 41 31
27 41 41 31
28 41 41 31
29 41 41 31
30 41 41 31
31 41 41 31
32 41 41 31
33 41 41 31
34 41 41 31
35 41 41 31
36 41 41 31
37 41 41 31
38 41 41 31
39 41 41 31
40 41 41 31
41 41 41 31
42 41 41 31
43 41 41 31
44 41 41 31
45 41 41 31
46 41 41 31
47 41 41 31
48 41 41 31
49 41 41 31
50 41 41 31
51 41 41 31
52 41 41 31
53 41 41 31
54 41 41 31
55 41 41 31
56 41 41 31
57 41 41 31
58 41 41 31
59 41 41 31
60 41 41 31
61 41 41 31
62 41 41 31
63 41 41 31
64 41 41 31
65 41 41 31
