0 29 35 56
1 29 35 56
2 29 35 56
3 29 35 56
4 29 35 56
5 29 35 56
6 29 35 56
7 29 35 56
8 29 35 56
9 29 35 56
10 29 35 56
11 29 35 56
12 29 35 56
13 29 35 56
14 29 35 56
15 29 35 56
16 29 35 56
17 29 35 56
18 29 35 56
19 29 35 56
20 29 35 56
21 29 35 56
22 29 35 56
23 29 35 56
24 29 35 56
25 29 35 56
26 29 35 56
27 29 35 56
28 29 35 56
29 29 35 56
30 29 35 56
31 29 35 56
32 29 35 56
33 29 35 56
34 29 35 56
35 29 35 56
36 29 35 56
37 29 35 56
38 29 35 56
39 29 35 56
40 29 35 56
41 29 35 56
42 29 35 56
43 29 35 56
44 29 35 56
45 29 35 56
46 29 35 56
47 29 35 56
48 29 35 56
49 29 35 56
50 29 35 56
51 29 35 56
52 29 35 56
53 29 35 56
54 29 35 56
55 29 35 56
56 29 35 56
57 29 35 56
58 29 35 56
59 29 35 56
60 29 35 56
61 29 35 56
62 29 35 56
63 29 35 56
64 29 35 56
65 29 35 56
