0 16 21 78
1 16 21 78
2 16 21 78
3 16 21 78
4 16 21 78
5 16 21 78
6 16 21 78
7 16 21 78
8 16 21 78
9 16 21 78
10 16 21 78
11 16 21 78
12 16 21 78
13 16 21 78
14 16 21 78
15 16 21 78
16 16 21 78
17 16 21 78
18 16 21 78
19 16 21 78
20 16 21 78
21 16 21 78
22 16 21 78
23 16 21 78
24 16 21 78
25 16 21 78
26 16 21 78
27 16 21 78
28 16 21 78
29 16 21 78
30 16 21 78
31 16 21 78
32 16 21 78
33 16 21 78
34 16 21 78
35 16 21 78
36 16 21 78
37 16 21 78
38 16 21 78
39 16 21 78
40 16 21 78
41 16 21 78
42 16 21 78
43 16 21 78
44 16 21 78
45 16 21 78
46 16 21 78
47 16 21 78
48 16 21 78
49 16 21 78
50 16 21 78
51 16 21 78
52 16 21 78
53 16 21 78
54 16 21 78
55 16 21 78
56 16 21 78
57 16 21 78
58 16 21 78
59 16 21 78
60 16 21 78
61 16 21 78
62 16 21 78
63 16 21 78
64 16 21 78
65 16 21 78
