0 25 30 66
1 25 30 66
2 25 30 66
3 25 30 66
4 25 30 66
5 25 30 66
6 25 30 66
7 25 30 66
8 25 30 66
9 25 30 66
10 25 30 66
11 25 30 66
12 25 30 66
13 25 30 66
14 25 30 66
15 25 30 66
16 25 30 66
17 25 30 66
18 25 30 66
19 25 30 66
20 25 30 66
21 25 30 66
22 25 30 66
23 25 30 66
24 25 30 66
25 25 30 66
26 25 30 66
27 25 30 66
28 25 30 66
29 25 30 66
30 25 30 66
31 25 30 66
32 25 30 66
33 25 30 66
34 25 30 66
35 25 30 66
36 25 30 66
37 25 30 66
38 25 30 66
39 25 30 66
40 25 30 66
41 25 30 66
42 25 30 66
43 25 30 66
44 25 30 66
45 25 30 66
46 25 30 66
47 25 30 66
48 25 30 66
49 25 30 66
50 25 30 66
51 25 30 66
52 25 30 66
53 25 30 66
54 25 30 66
55 25 30 66
56 25 30 66
57 25 30 66
58 25 30 66
59 25 30 66
60 25 30 66
61 25 30 66
62 25 30 66
63 25 30 66
64 25 30 66
65 25 30 66
