0 13 18 3
1 13 18 3
2 13 18 3
3 13 18 3
4 13 18 3
5 13 18 3
6 13 18 3
7 13 18 3
8 13 18 3
9 13 18 3
10 13 18 3
11 13 18 3
12 13 18 3
13 13 18 3
14 13 18 3
15 13 18 3
16 13 18 3
17 13 18 3
18 13 18 3
19 13 18 3
20 13 18 3
21 13 18 3
22 13 18 3
23 13 18 3
24 13 18 3
25 13 18 3
26 13 18 3
27 13 18 3
28 13 18 3
29 13 18 3
30 13 18 3
31 13 18 3
32 13 18 3
33 13 18 3
34 13 18 3
35 13 18 3
36 13 18 3
37 13 18 3
38 13 18 3
39 13 18 3
40 13 18 3
41 13 18 3
42 13 18 3
43 13 18 3
44 13 18 3
45 13 18 3
46 13 18 3
47 13 18 3
48 13 18 3
49 13 18 3
50 13 18 3
51 13 18 3
52 13 18 3
53 13 18 3
54 13 18 3
55 13 18 3
56 13 18 3
57 13 18 3
58 13 18 3
59 13 18 3
60 13 18 3
61 13 18 3
62 13 18 3
63 13 18 3
64 13 18 3
65 13 18 3
