0 21 28 54
1 21 28 54
2 21 28 54
3 21 28 54
4 21 28 54
5 21 28 54
6 21 28 54
7 21 28 54
8 21 28 54
9 21 28 54
10 21 28 54
11 21 28 54
12 21 28 54
13 21 28 54
14 21 28 54
15 21 28 54
16 21 28 54
17 21 28 54
18 21 28 54
19 21 28 54
20 21 28 54
21 21 28 54
22 21 28 54
23 21 28 54
24 21 28 54
25 21 28 54
26 21 28 54
27 21 28 54
28 21 28 54
29 21 28 54
30 21 28 54
31 21 28 54
32 21 28 54
33 21 28 54
34 21 28 54
35 21 28 54
36 21 28 54
37 21 28 54
38 21 28 54
39 21 28 54
40 21 28 54
41 21 28 54
42 21 28 54
43 21 28 54
44 21 28 54
45 21 28 54
46 21 28 54
47 21 28 54
48 21 28 54
49 21 28 54
50 21 28 54
51 21 28 54
52 21 28 54
53 21 28 54
54 21 28 54
55 21 28 54
56 21 28 54
57 21 28 54
58 21 28 54
59 21 28 54
60 21 28 54
61 21 28 54
62 21 28 54
63 21 28 54
64 21 28 54
65 21 28 54
