0 28 53 3
1 28 53 3
2 28 53 3
3 28 53 3
4 28 53 3
5 28 53 3
6 28 53 3
7 28 53 3
8 28 53 3
9 28 53 3
10 28 53 3
11 28 53 3
12 28 53 3
13 28 53 3
14 28 53 3
15 28 53 3
16 28 53 3
17 28 53 3
18 28 53 3
19 28 53 3
20 28 53 3
21 28 53 3
22 28 53 3
23 28 53 3
24 28 53 3
25 28 53 3
26 28 53 3
27 28 53 3
28 28 53 3
29 28 53 3
30 28 53 3
31 28 53 3
32 28 53 3
33 28 53 3
34 28 53 3
35 28 53 3
36 28 53 3
37 28 53 3
38 28 53 3
39 28 53 3
40 28 53 3
41 28 53 3
42 28 53 3
43 28 53 3
44 28 53 3
45 28 53 3
46 28 53 3
47 28 53 3
48 28 53 3
49 28 53 3
50 28 53 3
51 28 53 3
52 28 53 3
53 28 53 3
54 28 53 3
55 28 53 3
56 28 53 3
57 28 53 3
58 28 53 3
59 28 53 3
60 28 53 3
61 28 53 3
62 28 53 3
63 28 53 3
64 28 53 3
65 28 53 3
