0 21 34 68
1 21 34 68
2 21 34 68
3 21 34 68
4 21 34 68
5 21 34 68
6 21 34 68
7 21 34 68
8 21 34 68
9 21 34 68
10 21 34 68
11 21 34 68
12 21 34 68
13 21 34 68
14 21 34 68
15 21 34 68
16 21 34 68
17 21 34 68
18 21 34 68
19 21 34 68
20 21 34 68
21 21 34 68
22 21 34 68
23 21 34 68
24 21 34 68
25 21 34 68
26 21 34 68
27 21 34 68
28 21 34 68
29 21 34 68
30 21 34 68
31 21 34 68
32 21 34 68
33 21 34 68
34 21 34 68
35 21 34 68
36 21 34 68
37 21 34 68
38 21 34 68
39 21 34 68
40 21 34 68
41 21 34 68
42 21 34 68
43 21 34 68
44 21 34 68
45 21 34 68
46 21 34 68
47 21 34 68
48 21 34 68
49 21 34 68
50 21 34 68
51 21 34 68
52 21 34 68
53 21 34 68
54 21 34 68
55 21 34 68
56 21 34 68
57 21 34 68
58 21 34 68
59 21 34 68
60 21 34 68
61 21 34 68
62 21 34 68
63 21 34 68
64 21 34 68
65 21 34 68
