0 48 22 18
1 48 22 18
2 48 22 18
3 48 22 18
4 48 22 18
5 48 22 18
6 48 22 18
7 48 22 18
8 48 22 18
9 48 22 18
10 48 22 18
11 48 22 18
12 48 22 18
13 48 22 18
14 48 22 18
15 48 22 18
16 48 22 18
17 48 22 18
18 48 22 18
19 48 22 18
20 48 22 18
21 48 22 18
22 48 22 18
23 48 22 18
24 48 22 18
25 48 22 18
26 48 22 18
27 48 22 18
28 48 22 18
29 48 22 18
30 48 22 18
31 48 22 18
32 48 22 18
33 48 22 18
34 48 22 18
35 48 22 18
36 48 22 18
37 48 22 18
38 48 22 18
39 48 22 18
40 48 22 18
41 48 22 18
42 48 22 18
43 48 22 18
44 48 22 18
45 48 22 18
46 48 22 18
47 48 22 18
48 48 22 18
49 48 22 18
50 48 22 18
51 48 22 18
52 48 22 18
53 48 22 18
54 48 22 18
55 48 22 18
56 48 22 18
57 48 22 18
58 48 22 18
59 48 22 18
60 48 22 18
61 48 22 18
62 48 22 18
63 48 22 18
64 48 22 18
65 48 22 18
