0 7 28 7
1 7 28 7
2 7 28 7
3 7 28 7
4 7 28 7
5 7 28 7
6 7 28 7
7 7 28 7
8 7 28 7
9 7 28 7
10 7 28 7
11 7 28 7
12 7 28 7
13 7 28 7
14 7 28 7
15 7 28 7
16 7 28 7
17 7 28 7
18 7 28 7
19 7 28 7
20 7 28 7
21 7 28 7
22 7 28 7
23 7 28 7
24 7 28 7
25 7 28 7
26 7 28 7
27 7 28 7
28 7 28 7
29 7 28 7
30 7 28 7
31 7 28 7
32 7 28 7
33 7 28 7
34 7 28 7
35 7 28 7
36 7 28 7
37 7 28 7
38 7 28 7
39 7 28 7
40 7 28 7
41 7 28 7
42 7 28 7
43 7 28 7
44 7 28 7
45 7 28 7
46 7 28 7
47 7 28 7
48 7 28 7
49 7 28 7
50 7 28 7
51 7 28 7
52 7 28 7
53 7 28 7
54 7 28 7
55 7 28 7
56 7 28 7
57 7 28 7
58 7 28 7
59 7 28 7
60 7 28 7
61 7 28 7
62 7 28 7
63 7 28 7
64 7 28 7
65 7 28 7
