0 28 47 31
1 28 47 31
2 28 47 31
3 28 47 31
4 28 47 31
5 28 47 31
6 28 47 31
7 28 47 31
8 28 47 31
9 28 47 31
10 28 47 31
11 28 47 31
12 28 47 31
13 28 47 31
14 28 47 31
15 28 47 31
16 28 47 31
17 28 47 31
18 28 47 31
19 28 47 31
20 28 47 31
21 28 47 31
22 28 47 31
23 28 47 31
24 28 47 31
25 28 47 31
26 28 47 31
27 28 47 31
28 28 47 31
29 28 47 31
30 28 47 31
31 28 47 31
32 28 47 31
33 28 47 31
34 28 47 31
35 28 47 31
36 28 47 31
37 28 47 31
38 28 47 31
39 28 47 31
40 28 47 31
41 28 47 31
42 28 47 31
43 28 47 31
44 28 47 31
45 28 47 31
46 28 47 31
47 28 47 31
48 28 47 31
49 28 47 31
50 28 47 31
51 28 47 31
52 28 47 31
53 28 47 31
54 28 47 31
55 28 47 31
56 28 47 31
57 28 47 31
58 28 47 31
59 28 47 31
60 28 47 31
61 28 47 31
62 28 47 31
63 28 47 31
64 28 47 31
65 28 47 31
