0 32 35 58
1 32 35 58
2 32 35 58
3 32 35 58
4 32 35 58
5 32 35 58
6 32 35 58
7 32 35 58
8 32 35 58
9 32 35 58
10 32 35 58
11 32 35 58
12 32 35 58
13 32 35 58
14 32 35 58
15 32 35 58
16 32 35 58
17 32 35 58
18 32 35 58
19 32 35 58
20 32 35 58
21 32 35 58
22 32 35 58
23 32 35 58
24 32 35 58
25 32 35 58
26 32 35 58
27 32 35 58
28 32 35 58
29 32 35 58
30 32 35 58
31 32 35 58
32 32 35 58
33 32 35 58
34 32 35 58
35 32 35 58
36 32 35 58
37 32 35 58
38 32 35 58
39 32 35 58
40 32 35 58
41 32 35 58
42 32 35 58
43 32 35 58
44 32 35 58
45 32 35 58
46 32 35 58
47 32 35 58
48 32 35 58
49 32 35 58
50 32 35 58
51 32 35 58
52 32 35 58
53 32 35 58
54 32 35 58
55 32 35 58
56 32 35 58
57 32 35 58
58 32 35 58
59 32 35 58
60 32 35 58
61 32 35 58
62 32 35 58
63 32 35 58
64 32 35 58
65 32 35 58
