0 14 31 65
1 14 31 65
2 14 31 65
3 14 31 65
4 14 31 65
5 14 31 65
6 14 31 65
7 14 31 65
8 14 31 65
9 14 31 65
10 14 31 65
11 14 31 65
12 14 31 65
13 14 31 65
14 14 31 65
15 14 31 65
16 14 31 65
17 14 31 65
18 14 31 65
19 14 31 65
20 14 31 65
21 14 31 65
22 14 31 65
23 14 31 65
24 14 31 65
25 14 31 65
26 14 31 65
27 14 31 65
28 14 31 65
29 14 31 65
30 14 31 65
31 14 31 65
32 14 31 65
33 14 31 65
34 14 31 65
35 14 31 65
36 14 31 65
37 14 31 65
38 14 31 65
39 14 31 65
40 14 31 65
41 14 31 65
42 14 31 65
43 14 31 65
44 14 31 65
45 14 31 65
46 14 31 65
47 14 31 65
48 14 31 65
49 14 31 65
50 14 31 65
51 14 31 65
52 14 31 65
53 14 31 65
54 14 31 65
55 14 31 65
56 14 31 65
57 14 31 65
58 14 31 65
59 14 31 65
60 14 31 65
61 14 31 65
62 14 31 65
63 14 31 65
64 14 31 65
65 14 31 65
