0 22 31 50
1 22 31 50
2 22 31 50
3 22 31 50
4 22 31 50
5 22 31 50
6 22 31 50
7 22 31 50
8 22 31 50
9 22 31 50
10 22 31 50
11 22 31 50
12 22 31 50
13 22 31 50
14 22 31 50
15 22 31 50
16 22 31 50
17 22 31 50
18 22 31 50
19 22 31 50
20 22 31 50
21 22 31 50
22 22 31 50
23 22 31 50
24 22 31 50
25 22 31 50
26 22 31 50
27 22 31 50
28 22 31 50
29 22 31 50
30 22 31 50
31 22 31 50
32 22 31 50
33 22 31 50
34 22 31 50
35 22 31 50
36 22 31 50
37 22 31 50
38 22 31 50
39 22 31 50
40 22 31 50
41 22 31 50
42 22 31 50
43 22 31 50
44 22 31 50
45 22 31 50
46 22 31 50
47 22 31 50
48 22 31 50
49 22 31 50
50 22 31 50
51 22 31 50
52 22 31 50
53 22 31 50
54 22 31 50
55 22 31 50
56 22 31 50
57 22 31 50
58 22 31 50
59 22 31 50
60 22 31 50
61 22 31 50
62 22 31 50
63 22 31 50
64 22 31 50
65 22 31 50
