0 41 31 81
1 41 31 81
2 41 31 81
3 41 31 81
4 41 31 81
5 41 31 81
6 41 31 81
7 41 31 81
8 41 31 81
9 41 31 81
10 41 31 81
11 41 31 81
12 41 31 81
13 41 31 81
14 41 31 81
15 41 31 81
16 41 31 81
17 41 31 81
18 41 31 81
19 41 31 81
20 41 31 81
21 41 31 81
22 41 31 81
23 41 31 81
24 41 31 81
25 41 31 81
26 41 31 81
27 41 31 81
28 41 31 81
29 41 31 81
30 41 31 81
31 41 31 81
32 41 31 81
33 41 31 81
34 41 31 81
35 41 31 81
36 41 31 81
37 41 31 81
38 41 31 81
39 41 31 81
40 41 31 81
41 41 31 81
42 41 31 81
43 41 31 81
44 41 31 81
45 41 31 81
46 41 31 81
47 41 31 81
48 41 31 81
49 41 31 81
50 41 31 81
51 41 31 81
52 41 31 81
53 41 31 81
54 41 31 81
55 41 31 81
56 41 31 81
57 41 31 81
58 41 31 81
59 41 31 81
60 41 31 81
61 41 31 81
62 41 31 81
63 41 31 81
64 41 31 81
65 41 31 81
