0 24 27 66
1 24 27 66
2 24 27 66
3 24 27 66
4 24 27 66
5 24 27 66
6 24 27 66
7 24 27 66
8 24 27 66
9 24 27 66
10 24 27 66
11 24 27 66
12 24 27 66
13 24 27 66
14 24 27 66
15 24 27 66
16 24 27 66
17 24 27 66
18 24 27 66
19 24 27 66
20 24 27 66
21 24 27 66
22 24 27 66
23 24 27 66
24 24 27 66
25 24 27 66
26 24 27 66
27 24 27 66
28 24 27 66
29 24 27 66
30 24 27 66
31 24 27 66
32 24 27 66
33 24 27 66
34 24 27 66
35 24 27 66
36 24 27 66
37 24 27 66
38 24 27 66
39 24 27 66
40 24 27 66
41 24 27 66
42 24 27 66
43 24 27 66
44 24 27 66
45 24 27 66
46 24 27 66
47 24 27 66
48 24 27 66
49 24 27 66
50 24 27 66
51 24 27 66
52 24 27 66
53 24 27 66
54 24 27 66
55 24 27 66
56 24 27 66
57 24 27 66
58 24 27 66
59 24 27 66
60 24 27 66
61 24 27 66
62 24 27 66
63 24 27 66
64 24 27 66
65 24 27 66
