0 44 24 3
1 44 24 3
2 44 24 3
3 44 24 3
4 44 24 3
5 44 24 3
6 44 24 3
7 44 24 3
8 44 24 3
9 44 24 3
10 44 24 3
11 44 24 3
12 44 24 3
13 44 24 3
14 44 24 3
15 44 24 3
16 44 24 3
17 44 24 3
18 44 24 3
19 44 24 3
20 44 24 3
21 44 24 3
22 44 24 3
23 44 24 3
24 44 24 3
25 44 24 3
26 44 24 3
27 44 24 3
28 44 24 3
29 44 24 3
30 44 24 3
31 44 24 3
32 44 24 3
33 44 24 3
34 44 24 3
35 44 24 3
36 44 24 3
37 44 24 3
38 44 24 3
39 44 24 3
40 44 24 3
41 44 24 3
42 44 24 3
43 44 24 3
44 44 24 3
45 44 24 3
46 44 24 3
47 44 24 3
48 44 24 3
49 44 24 3
50 44 24 3
51 44 24 3
52 44 24 3
53 44 24 3
54 44 24 3
55 44 24 3
56 44 24 3
57 44 24 3
58 44 24 3
59 44 24 3
60 44 24 3
61 44 24 3
62 44 24 3
63 44 24 3
64 44 24 3
65 44 24 3
