0 27 27 65
1 27 27 65
2 27 27 65
3 27 27 65
4 27 27 65
5 27 27 65
6 27 27 65
7 27 27 65
8 27 27 65
9 27 27 65
10 27 27 65
11 27 27 65
12 27 27 65
13 27 27 65
14 27 27 65
15 27 27 65
16 27 27 65
17 27 27 65
18 27 27 65
19 27 27 65
20 27 27 65
21 27 27 65
22 27 27 65
23 27 27 65
24 27 27 65
25 27 27 65
26 27 27 65
27 27 27 65
28 27 27 65
29 27 27 65
30 27 27 65
31 27 27 65
32 27 27 65
33 27 27 65
34 27 27 65
35 27 27 65
36 27 27 65
37 27 27 65
38 27 27 65
39 27 27 65
40 27 27 65
41 27 27 65
42 27 27 65
43 27 27 65
44 27 27 65
45 27 27 65
46 27 27 65
47 27 27 65
48 27 27 65
49 27 27 65
50 27 27 65
51 27 27 65
52 27 27 65
53 27 27 65
54 27 27 65
55 27 27 65
56 27 27 65
57 27 27 65
58 27 27 65
59 27 27 65
60 27 27 65
61 27 27 65
62 27 27 65
63 27 27 65
64 27 27 65
65 27 27 65
