0 37 37 66
1 37 37 66
2 37 37 66
3 37 37 66
4 37 37 66
5 37 37 66
6 37 37 66
7 37 37 66
8 37 37 66
9 37 37 66
10 37 37 66
11 37 37 66
12 37 37 66
13 37 37 66
14 37 37 66
15 37 37 66
16 37 37 66
17 37 37 66
18 37 37 66
19 37 37 66
20 37 37 66
21 37 37 66
22 37 37 66
23 37 37 66
24 37 37 66
25 37 37 66
26 37 37 66
27 37 37 66
28 37 37 66
29 37 37 66
30 37 37 66
31 37 37 66
32 37 37 66
33 37 37 66
34 37 37 66
35 37 37 66
36 37 37 66
37 37 37 66
38 37 37 66
39 37 37 66
40 37 37 66
41 37 37 66
42 37 37 66
43 37 37 66
44 37 37 66
45 37 37 66
46 37 37 66
47 37 37 66
48 37 37 66
49 37 37 66
50 37 37 66
51 37 37 66
52 37 37 66
53 37 37 66
54 37 37 66
55 37 37 66
56 37 37 66
57 37 37 66
58 37 37 66
59 37 37 66
60 37 37 66
61 37 37 66
62 37 37 66
63 37 37 66
64 37 37 66
65 37 37 66
