0 24 36 3
1 24 36 3
2 24 36 3
3 24 36 3
4 24 36 3
5 24 36 3
6 24 36 3
7 24 36 3
8 24 36 3
9 24 36 3
10 24 36 3
11 24 36 3
12 24 36 3
13 24 36 3
14 24 36 3
15 24 36 3
16 24 36 3
17 24 36 3
18 24 36 3
19 24 36 3
20 24 36 3
21 24 36 3
22 24 36 3
23 24 36 3
24 24 36 3
25 24 36 3
26 24 36 3
27 24 36 3
28 24 36 3
29 24 36 3
30 24 36 3
31 24 36 3
32 24 36 3
33 24 36 3
34 24 36 3
35 24 36 3
36 24 36 3
37 24 36 3
38 24 36 3
39 24 36 3
40 24 36 3
41 24 36 3
42 24 36 3
43 24 36 3
44 24 36 3
45 24 36 3
46 24 36 3
47 24 36 3
48 24 36 3
49 24 36 3
50 24 36 3
51 24 36 3
52 24 36 3
53 24 36 3
54 24 36 3
55 24 36 3
56 24 36 3
57 24 36 3
58 24 36 3
59 24 36 3
60 24 36 3
61 24 36 3
62 24 36 3
63 24 36 3
64 24 36 3
65 24 36 3
