0.0 27.90 82.40 19.20
1.0 28.75 83.41 20.00
2.0 28.70 80.93 20.00
3.0 25.02 84.79 19.57
4.0 28.03 80.33 18.22
5.0 26.70 81.73 18.94
6.0 27.23 79.08 17.53
7.0 22.50 82.72 18.90
8.0 21.79 86.10 19.68
9.0 18.32 88.22 18.89
10.0 18.10 86.82 18.28
11.0 16.48 88.41 17.94
12.0 12.60 92.05 16.53
13.0 8.03 87.37 16.51
14.0 9.97 85.43 16.23
15.0 5.31 82.43 15.43
16.0 8.82 81.10 15.76
17.0 11.83 78.85 13.77
18.0 6.93 76.27 13.81
19.0 8.86 75.63 12.89
20.0 8.58 78.50 11.33
21.0 7.22 78.17 12.74
22.0 7.38 79.72 12.64
23.0 8.86 82.50 11.02
24.0 6.59 85.51 12.33
25.0 6.07 88.15 13.21
26.0 5.11 84.54 12.37
27.0 4.44 88.13 10.59
28.0 1.45 88.36 12.20
29.0 0.00 85.31 12.25
30.0 0.00 80.77 11.16
31.0 0.00 83.40 9.73
32.0 0.00 84.86 10.12
33.0 0.72 80.76 11.42
34.0 0.00 83.46 9.69
35.0 0.00 80.11 10.67
36.0 3.80 82.37 9.26
37.0 4.21 82.04 10.80
38.0 1.81 84.90 10.60
39.0 0.91 85.19 8.68
40.0 3.23 89.86 9.48
41.0 3.30 94.18 8.35
42.0 6.50 96.97 8.34
43.0 3.96 100.00 9.19
44.0 3.18 96.83 8.23
45.0 4.08 97.64 8.98
46.0 3.21 96.48 10.94
47.0 0.21 99.47 11.11
48.0 0.00 96.83 13.00
49.0 0.00 100.00 12.60
50.0 0.14 100.00 11.72
51.0 0.00 97.75 13.67
52.0 0.00 94.82 13.98
53.0 1.11 92.04 15.54
54.0 0.30 91.50 14.34
55.0 0.00 96.13 15.96
56.0 0.00 94.01 17.68
57.0 2.11 92.76 17.34
58.0 2.12 92.18 17.64
59.0 0.00 89.06 15.92
60.0 4.19 93.16 16.52
