0 30 15 31
1 30 15 31
2 30 15 31
3 30 15 31
4 30 15 31
5 30 15 31
6 30 15 31
7 30 15 31
8 30 15 31
9 30 15 31
10 30 15 31
11 30 15 31
12 30 15 31
13 30 15 31
14 30 15 31
15 30 15 31
16 30 15 31
17 30 15 31
18 30 15 31
19 30 15 31
20 30 15 31
21 30 15 31
22 30 15 31
23 30 15 31
24 30 15 31
25 30 15 31
26 30 15 31
27 30 15 31
28 30 15 31
29 30 15 31
30 30 15 31
31 30 15 31
32 30 15 31
33 30 15 31
34 30 15 31
35 30 15 31
36 30 15 31
37 30 15 31
38 30 15 31
39 30 15 31
40 30 15 31
41 30 15 31
42 30 15 31
43 30 15 31
44 30 15 31
45 30 15 31
46 30 15 31
47 30 15 31
48 30 15 31
49 30 15 31
50 30 15 31
51 30 15 31
52 30 15 31
53 30 15 31
54 30 15 31
55 30 15 31
56 30 15 31
57 30 15 31
58 30 15 31
59 30 15 31
60 30 15 31
61 30 15 31
62 30 15 31
63 30 15 31
64 30 15 31
65 30 15 31
