0 27 31 66
1 27 31 66
2 27 31 66
3 27 31 66
4 27 31 66
5 27 31 66
6 27 31 66
7 27 31 66
8 27 31 66
9 27 31 66
10 27 31 66
11 27 31 66
12 27 31 66
13 27 31 66
14 27 31 66
15 27 31 66
16 27 31 66
17 27 31 66
18 27 31 66
19 27 31 66
20 27 31 66
21 27 31 66
22 27 31 66
23 27 31 66
24 27 31 66
25 27 31 66
26 27 31 66
27 27 31 66
28 27 31 66
29 27 31 66
30 27 31 66
31 27 31 66
32 27 31 66
33 27 31 66
34 27 31 66
35 27 31 66
36 27 31 66
37 27 31 66
38 27 31 66
39 27 31 66
40 27 31 66
41 27 31 66
42 27 31 66
43 27 31 66
44 27 31 66
45 27 31 66
46 27 31 66
47 27 31 66
48 27 31 66
49 27 31 66
50 27 31 66
51 27 31 66
52 27 31 66
53 27 31 66
54 27 31 66
55 27 31 66
56 27 31 66
57 27 31 66
58 27 31 66
59 27 31 66
60 27 31 66
61 27 31 66
62 27 31 66
63 27 31 66
64 27 31 66
65 27 31 66
