0 19 28 68
1 19 28 68
2 19 28 68
3 19 28 68
4 19 28 68
5 19 28 68
6 19 28 68
7 19 28 68
8 19 28 68
9 19 28 68
10 19 28 68
11 19 28 68
12 19 28 68
13 19 28 68
14 19 28 68
15 19 28 68
16 19 28 68
17 19 28 68
18 19 28 68
19 19 28 68
20 19 28 68
21 19 28 68
22 19 28 68
23 19 28 68
24 19 28 68
25 19 28 68
26 19 28 68
27 19 28 68
28 19 28 68
29 19 28 68
30 19 28 68
31 19 28 68
32 19 28 68
33 19 28 68
34 19 28 68
35 19 28 68
36 19 28 68
37 19 28 68
38 19 28 68
39 19 28 68
40 19 28 68
41 19 28 68
42 19 28 68
43 19 28 68
44 19 28 68
45 19 28 68
46 19 28 68
47 19 28 68
48 19 28 68
49 19 28 68
50 19 28 68
51 19 28 68
52 19 28 68
53 19 28 68
54 19 28 68
55 19 28 68
56 19 28 68
57 19 28 68
58 19 28 68
59 19 28 68
60 19 28 68
61 19 28 68
62 19 28 68
63 19 28 68
64 19 28 68
65 19 28 68
