0 28 36 95
1 28 36 95
2 28 36 95
3 28 36 95
4 28 36 95
5 28 36 95
6 28 36 95
7 28 36 95
8 28 36 95
9 28 36 95
10 28 36 95
11 28 36 95
12 28 36 95
13 28 36 95
14 28 36 95
15 28 36 95
16 28 36 95
17 28 36 95
18 28 36 95
19 28 36 95
20 28 36 95
21 28 36 95
22 28 36 95
23 28 36 95
24 28 36 95
25 28 36 95
26 28 36 95
27 28 36 95
28 28 36 95
29 28 36 95
30 28 36 95
31 28 36 95
32 28 36 95
33 28 36 95
34 28 36 95
35 28 36 95
36 28 36 95
37 28 36 95
38 28 36 95
39 28 36 95
40 28 36 95
41 28 36 95
42 28 36 95
43 28 36 95
44 28 36 95
45 28 36 95
46 28 36 95
47 28 36 95
48 28 36 95
49 28 36 95
50 28 36 95
51 28 36 95
52 28 36 95
53 28 36 95
54 28 36 95
55 28 36 95
56 28 36 95
57 28 36 95
58 28 36 95
59 28 36 95
60 28 36 95
61 28 36 95
62 28 36 95
63 28 36 95
64 28 36 95
65 28 36 95
