0 31 21 47
1 31 21 47
2 31 21 47
3 31 21 47
4 31 21 47
5 31 21 47
6 31 21 47
7 31 21 47
8 31 21 47
9 31 21 47
10 31 21 47
11 31 21 47
12 31 21 47
13 31 21 47
14 31 21 47
15 31 21 47
16 31 21 47
17 31 21 47
18 31 21 47
19 31 21 47
20 31 21 47
21 31 21 47
22 31 21 47
23 31 21 47
24 31 21 47
25 31 21 47
26 31 21 47
27 31 21 47
28 31 21 47
29 31 21 47
30 31 21 47
31 31 21 47
32 31 21 47
33 31 21 47
34 31 21 47
35 31 21 47
36 31 21 47
37 31 21 47
38 31 21 47
39 31 21 47
40 31 21 47
41 31 21 47
42 31 21 47
43 31 21 47
44 31 21 47
45 31 21 47
46 31 21 47
47 31 21 47
48 31 21 47
49 31 21 47
50 31 21 47
51 31 21 47
52 31 21 47
53 31 21 47
54 31 21 47
55 31 21 47
56 31 21 47
57 31 21 47
58 31 21 47
59 31 21 47
60 31 21 47
61 31 21 47
62 31 21 47
63 31 21 47
64 31 21 47
65 31 21 47
