0 28 28 98
1 28 28 98
2 28 28 98
3 28 28 98
4 28 28 98
5 28 28 98
6 28 28 98
7 28 28 98
8 28 28 98
9 28 28 98
10 28 28 98
11 28 28 98
12 28 28 98
13 28 28 98
14 28 28 98
15 28 28 98
16 28 28 98
17 28 28 98
18 28 28 98
19 28 28 98
20 28 28 98
21 28 28 98
22 28 28 98
23 28 28 98
24 28 28 98
25 28 28 98
26 28 28 98
27 28 28 98
28 28 28 98
29 28 28 98
30 28 28 98
31 28 28 98
32 28 28 98
33 28 28 98
34 28 28 98
35 28 28 98
36 28 28 98
37 28 28 98
38 28 28 98
39 28 28 98
40 28 28 98
41 28 28 98
42 28 28 98
43 28 28 98
44 28 28 98
45 28 28 98
46 28 28 98
47 28 28 98
48 28 28 98
49 28 28 98
50 28 28 98
51 28 28 98
52 28 28 98
53 28 28 98
54 28 28 98
55 28 28 98
56 28 28 98
57 28 28 98
58 28 28 98
59 28 28 98
60 28 28 98
61 28 28 98
62 28 28 98
63 28 28 98
64 28 28 98
65 28 28 98
