0 36 22 68
1 36 22 68
2 36 22 68
3 36 22 68
4 36 22 68
5 36 22 68
6 36 22 68
7 36 22 68
8 36 22 68
9 36 22 68
10 36 22 68
11 36 22 68
12 36 22 68
13 36 22 68
14 36 22 68
15 36 22 68
16 36 22 68
17 36 22 68
18 36 22 68
19 36 22 68
20 36 22 68
21 36 22 68
22 36 22 68
23 36 22 68
24 36 22 68
25 36 22 68
26 36 22 68
27 36 22 68
28 36 22 68
29 36 22 68
30 36 22 68
31 36 22 68
32 36 22 68
33 36 22 68
34 36 22 68
35 36 22 68
36 36 22 68
37 36 22 68
38 36 22 68
39 36 22 68
40 36 22 68
41 36 22 68
42 36 22 68
43 36 22 68
44 36 22 68
45 36 22 68
46 36 22 68
47 36 22 68
48 36 22 68
49 36 22 68
50 36 22 68
51 36 22 68
52 36 22 68
53 36 22 68
54 36 22 68
55 36 22 68
56 36 22 68
57 36 22 68
58 36 22 68
59 36 22 68
60 36 22 68
61 36 22 68
62 36 22 68
63 36 22 68
64 36 22 68
65 36 22 68
