0.0 22.48 25.34 2.82
1.0 18.67 26.86 3.64
2.0 16.69 22.71 1.67
3.0 18.90 21.04 3.04
4.0 16.69 16.96 2.93
5.0 13.05 17.80 1.51
6.0 12.32 19.51 0.00
7.0 12.80 23.72 1.35
8.0 9.35 20.22 1.74
9.0 9.57 18.07 3.04
10.0 6.74 21.75 2.66
11.0 7.84 26.68 1.87
12.0 5.88 28.60 0.00
13.0 8.01 30.26 0.00
14.0 3.17 31.46 0.00
15.0 2.08 29.49 0.00
16.0 3.55 27.32 0.95
17.0 2.30 31.77 0.99
18.0 1.05 34.09 0.00
19.0 0.00 30.16 0.00
20.0 0.00 33.04 0.00
21.0 0.56 32.74 0.00
22.0 2.25 34.21 0.00
23.0 0.00 34.90 0.00
24.0 4.83 30.27 0.76
25.0 2.13 33.54 2.04
26.0 1.26 33.16 1.17
27.0 0.00 34.47 0.75
28.0 0.00 39.39 0.07
29.0 2.21 44.27 0.42
30.0 0.00 46.63 0.00
31.0 2.22 43.70 0.00
32.0 0.00 46.94 0.63
33.0 0.00 50.03 0.55
34.0 0.00 47.83 0.00
35.0 2.29 45.09 0.18
36.0 0.00 49.35 0.00
37.0 2.28 44.38 0.00
38.0 6.84 42.69 0.61
39.0 4.63 40.03 1.60
40.0 8.15 36.40 1.96
41.0 10.14 33.07 1.11
42.0 14.67 31.35 2.20
43.0 13.13 31.28 0.92
44.0 8.37 29.27 1.99
45.0 9.78 25.31 3.85
46.0 10.22 26.35 4.28
47.0 14.11 23.12 4.10
48.0 18.48 27.52 4.60
49.0 22.41 23.58 3.38
50.0 19.08 22.58 3.07
51.0 17.02 22.88 4.37
52.0 14.96 26.40 2.85
53.0 12.23 22.82 2.39
54.0 16.98 27.28 1.02
55.0 19.88 24.40 0.00
56.0 21.31 20.36 1.83
57.0 17.10 19.83 3.02
58.0 12.98 17.65 3.26
59.0 9.92 15.73 3.93
60.0 6.06 12.57 5.77
