0 22 20 68
1 22 20 68
2 22 20 68
3 22 20 68
4 22 20 68
5 22 20 68
6 22 20 68
7 22 20 68
8 22 20 68
9 22 20 68
10 22 20 68
11 22 20 68
12 22 20 68
13 22 20 68
14 22 20 68
15 22 20 68
16 22 20 68
17 22 20 68
18 22 20 68
19 22 20 68
20 22 20 68
21 22 20 68
22 22 20 68
23 22 20 68
24 22 20 68
25 22 20 68
26 22 20 68
27 22 20 68
28 22 20 68
29 22 20 68
30 22 20 68
31 22 20 68
32 22 20 68
33 22 20 68
34 22 20 68
35 22 20 68
36 22 20 68
37 22 20 68
38 22 20 68
39 22 20 68
40 22 20 68
41 22 20 68
42 22 20 68
43 22 20 68
44 22 20 68
45 22 20 68
46 22 20 68
47 22 20 68
48 22 20 68
49 22 20 68
50 22 20 68
51 22 20 68
52 22 20 68
53 22 20 68
54 22 20 68
55 22 20 68
56 22 20 68
57 22 20 68
58 22 20 68
59 22 20 68
60 22 20 68
61 22 20 68
62 22 20 68
63 22 20 68
64 22 20 68
65 22 20 68
