0 32 7 6
1 32 7 6
2 32 7 6
3 32 7 6
4 32 7 6
5 32 7 6
6 32 7 6
7 32 7 6
8 32 7 6
9 32 7 6
10 32 7 6
11 32 7 6
12 32 7 6
13 32 7 6
14 32 7 6
15 32 7 6
16 32 7 6
17 32 7 6
18 32 7 6
19 32 7 6
20 32 7 6
21 32 7 6
22 32 7 6
23 32 7 6
24 32 7 6
25 32 7 6
26 32 7 6
27 32 7 6
28 32 7 6
29 32 7 6
30 32 7 6
31 32 7 6
32 32 7 6
33 32 7 6
34 32 7 6
35 32 7 6
36 32 7 6
37 32 7 6
38 32 7 6
39 32 7 6
40 32 7 6
41 32 7 6
42 32 7 6
43 32 7 6
44 32 7 6
45 32 7 6
46 32 7 6
47 32 7 6
48 32 7 6
49 32 7 6
50 32 7 6
51 32 7 6
52 32 7 6
53 32 7 6
54 32 7 6
55 32 7 6
56 32 7 6
57 32 7 6
58 32 7 6
59 32 7 6
60 32 7 6
61 32 7 6
62 32 7 6
63 32 7 6
64 32 7 6
65 32 7 6
