0 8 38 10
1 8 38 10
2 8 38 10
3 8 38 10
4 8 38 10
5 8 38 10
6 8 38 10
7 8 38 10
8 8 38 10
9 8 38 10
10 8 38 10
11 8 38 10
12 8 38 10
13 8 38 10
14 8 38 10
15 8 38 10
16 8 38 10
17 8 38 10
18 8 38 10
19 8 38 10
20 8 38 10
21 8 38 10
22 8 38 10
23 8 38 10
24 8 38 10
25 8 38 10
26 8 38 10
27 8 38 10
28 8 38 10
29 8 38 10
30 8 38 10
31 8 38 10
32 8 38 10
33 8 38 10
34 8 38 10
35 8 38 10
36 8 38 10
37 8 38 10
38 8 38 10
39 8 38 10
40 8 38 10
41 8 38 10
42 8 38 10
43 8 38 10
44 8 38 10
45 8 38 10
46 8 38 10
47 8 38 10
48 8 38 10
49 8 38 10
50 8 38 10
51 8 38 10
52 8 38 10
53 8 38 10
54 8 38 10
55 8 38 10
56 8 38 10
57 8 38 10
58 8 38 10
59 8 38 10
60 8 38 10
61 8 38 10
62 8 38 10
63 8 38 10
64 8 38 10
65 8 38 10
