0 48 28 7
1 48 28 7
2 48 28 7
3 48 28 7
4 48 28 7
5 48 28 7
6 48 28 7
7 48 28 7
8 48 28 7
9 48 28 7
10 48 28 7
11 48 28 7
12 48 28 7
13 48 28 7
14 48 28 7
15 48 28 7
16 48 28 7
17 48 28 7
18 48 28 7
19 48 28 7
20 48 28 7
21 48 28 7
22 48 28 7
23 48 28 7
24 48 28 7
25 48 28 7
26 48 28 7
27 48 28 7
28 48 28 7
29 48 28 7
30 48 28 7
31 48 28 7
32 48 28 7
33 48 28 7
34 48 28 7
35 48 28 7
36 48 28 7
37 48 28 7
38 48 28 7
39 48 28 7
40 48 28 7
41 48 28 7
42 48 28 7
43 48 28 7
44 48 28 7
45 48 28 7
46 48 28 7
47 48 28 7
48 48 28 7
49 48 28 7
50 48 28 7
51 48 28 7
52 48 28 7
53 48 28 7
54 48 28 7
55 48 28 7
56 48 28 7
57 48 28 7
58 48 28 7
59 48 28 7
60 48 28 7
61 48 28 7
62 48 28 7
63 48 28 7
64 48 28 7
65 48 28 7
