0 8 17 4
1 8 17 4
2 8 17 4
3 8 17 4
4 8 17 4
5 8 17 4
6 8 17 4
7 8 17 4
8 8 17 4
9 8 17 4
10 8 17 4
11 8 17 4
12 8 17 4
13 8 17 4
14 8 17 4
15 8 17 4
16 8 17 4
17 8 17 4
18 8 17 4
19 8 17 4
20 8 17 4
21 8 17 4
22 8 17 4
23 8 17 4
24 8 17 4
25 8 17 4
26 8 17 4
27 8 17 4
28 8 17 4
29 8 17 4
30 8 17 4
31 8 17 4
32 8 17 4
33 8 17 4
34 8 17 4
35 8 17 4
36 8 17 4
37 8 17 4
38 8 17 4
39 8 17 4
40 8 17 4
41 8 17 4
42 8 17 4
43 8 17 4
44 8 17 4
45 8 17 4
46 8 17 4
47 8 17 4
48 8 17 4
49 8 17 4
50 8 17 4
51 8 17 4
52 8 17 4
53 8 17 4
54 8 17 4
55 8 17 4
56 8 17 4
57 8 17 4
58 8 17 4
59 8 17 4
60 8 17 4
61 8 17 4
62 8 17 4
63 8 17 4
64 8 17 4
65 8 17 4
