0 29 18 94
1 29 18 94
2 29 18 94
3 29 18 94
4 29 18 94
5 29 18 94
6 29 18 94
7 29 18 94
8 29 18 94
9 29 18 94
10 29 18 94
11 29 18 94
12 29 18 94
13 29 18 94
14 29 18 94
15 29 18 94
16 29 18 94
17 29 18 94
18 29 18 94
19 29 18 94
20 29 18 94
21 29 18 94
22 29 18 94
23 29 18 94
24 29 18 94
25 29 18 94
26 29 18 94
27 29 18 94
28 29 18 94
29 29 18 94
30 29 18 94
31 29 18 94
32 29 18 94
33 29 18 94
34 29 18 94
35 29 18 94
36 29 18 94
37 29 18 94
38 29 18 94
39 29 18 94
40 29 18 94
41 29 18 94
42 29 18 94
43 29 18 94
44 29 18 94
45 29 18 94
46 29 18 94
47 29 18 94
48 29 18 94
49 29 18 94
50 29 18 94
51 29 18 94
52 29 18 94
53 29 18 94
54 29 18 94
55 29 18 94
56 29 18 94
57 29 18 94
58 29 18 94
59 29 18 94
60 29 18 94
61 29 18 94
62 29 18 94
63 29 18 94
64 29 18 94
65 29 18 94
