0 34 32 56
1 34 32 56
2 34 32 56
3 34 32 56
4 34 32 56
5 34 32 56
6 34 32 56
7 34 32 56
8 34 32 56
9 34 32 56
10 34 32 56
11 34 32 56
12 34 32 56
13 34 32 56
14 34 32 56
15 34 32 56
16 34 32 56
17 34 32 56
18 34 32 56
19 34 32 56
20 34 32 56
21 34 32 56
22 34 32 56
23 34 32 56
24 34 32 56
25 34 32 56
26 34 32 56
27 34 32 56
28 34 32 56
29 34 32 56
30 34 32 56
31 34 32 56
32 34 32 56
33 34 32 56
34 34 32 56
35 34 32 56
36 34 32 56
37 34 32 56
38 34 32 56
39 34 32 56
40 34 32 56
41 34 32 56
42 34 32 56
43 34 32 56
44 34 32 56
45 34 32 56
46 34 32 56
47 34 32 56
48 34 32 56
49 34 32 56
50 34 32 56
51 34 32 56
52 34 32 56
53 34 32 56
54 34 32 56
55 34 32 56
56 34 32 56
57 34 32 56
58 34 32 56
59 34 32 56
60 34 32 56
61 34 32 56
62 34 32 56
63 34 32 56
64 34 32 56
65 34 32 56
