0 31 36 3
1 31 36 3
2 31 36 3
3 31 36 3
4 31 36 3
5 31 36 3
6 31 36 3
7 31 36 3
8 31 36 3
9 31 36 3
10 31 36 3
11 31 36 3
12 31 36 3
13 31 36 3
14 31 36 3
15 31 36 3
16 31 36 3
17 31 36 3
18 31 36 3
19 31 36 3
20 31 36 3
21 31 36 3
22 31 36 3
23 31 36 3
24 31 36 3
25 31 36 3
26 31 36 3
27 31 36 3
28 31 36 3
29 31 36 3
30 31 36 3
31 31 36 3
32 31 36 3
33 31 36 3
34 31 36 3
35 31 36 3
36 31 36 3
37 31 36 3
38 31 36 3
39 31 36 3
40 31 36 3
41 31 36 3
42 31 36 3
43 31 36 3
44 31 36 3
45 31 36 3
46 31 36 3
47 31 36 3
48 31 36 3
49 31 36 3
50 31 36 3
51 31 36 3
52 31 36 3
53 31 36 3
54 31 36 3
55 31 36 3
56 31 36 3
57 31 36 3
58 31 36 3
59 31 36 3
60 31 36 3
61 31 36 3
62 31 36 3
63 31 36 3
64 31 36 3
65 31 36 3
