0 7 33 18
1 7 33 18
2 7 33 18
3 7 33 18
4 7 33 18
5 7 33 18
6 7 33 18
7 7 33 18
8 7 33 18
9 7 33 18
10 7 33 18
11 7 33 18
12 7 33 18
13 7 33 18
14 7 33 18
15 7 33 18
16 7 33 18
17 7 33 18
18 7 33 18
19 7 33 18
20 7 33 18
21 7 33 18
22 7 33 18
23 7 33 18
24 7 33 18
25 7 33 18
26 7 33 18
27 7 33 18
28 7 33 18
29 7 33 18
30 7 33 18
31 7 33 18
32 7 33 18
33 7 33 18
34 7 33 18
35 7 33 18
36 7 33 18
37 7 33 18
38 7 33 18
39 7 33 18
40 7 33 18
41 7 33 18
42 7 33 18
43 7 33 18
44 7 33 18
45 7 33 18
46 7 33 18
47 7 33 18
48 7 33 18
49 7 33 18
50 7 33 18
51 7 33 18
52 7 33 18
53 7 33 18
54 7 33 18
55 7 33 18
56 7 33 18
57 7 33 18
58 7 33 18
59 7 33 18
60 7 33 18
61 7 33 18
62 7 33 18
63 7 33 18
64 7 33 18
65 7 33 18
