0 37 18 91
1 37 18 91
2 37 18 91
3 37 18 91
4 37 18 91
5 37 18 91
6 37 18 91
7 37 18 91
8 37 18 91
9 37 18 91
10 37 18 91
11 37 18 91
12 37 18 91
13 37 18 91
14 37 18 91
15 37 18 91
16 37 18 91
17 37 18 91
18 37 18 91
19 37 18 91
20 37 18 91
21 37 18 91
22 37 18 91
23 37 18 91
24 37 18 91
25 37 18 91
26 37 18 91
27 37 18 91
28 37 18 91
29 37 18 91
30 37 18 91
31 37 18 91
32 37 18 91
33 37 18 91
34 37 18 91
35 37 18 91
36 37 18 91
37 37 18 91
38 37 18 91
39 37 18 91
40 37 18 91
41 37 18 91
42 37 18 91
43 37 18 91
44 37 18 91
45 37 18 91
46 37 18 91
47 37 18 91
48 37 18 91
49 37 18 91
50 37 18 91
51 37 18 91
52 37 18 91
53 37 18 91
54 37 18 91
55 37 18 91
56 37 18 91
57 37 18 91
58 37 18 91
59 37 18 91
60 37 18 91
61 37 18 91
62 37 18 91
63 37 18 91
64 37 18 91
65 37 18 91
