0 33 22 43
1 33 22 43
2 33 22 43
3 33 22 43
4 33 22 43
5 33 22 43
6 33 22 43
7 33 22 43
8 33 22 43
9 33 22 43
10 33 22 43
11 33 22 43
12 33 22 43
13 33 22 43
14 33 22 43
15 33 22 43
16 33 22 43
17 33 22 43
18 33 22 43
19 33 22 43
20 33 22 43
21 33 22 43
22 33 22 43
23 33 22 43
24 33 22 43
25 33 22 43
26 33 22 43
27 33 22 43
28 33 22 43
29 33 22 43
30 33 22 43
31 33 22 43
32 33 22 43
33 33 22 43
34 33 22 43
35 33 22 43
36 33 22 43
37 33 22 43
38 33 22 43
39 33 22 43
40 33 22 43
41 33 22 43
42 33 22 43
43 33 22 43
44 33 22 43
45 33 22 43
46 33 22 43
47 33 22 43
48 33 22 43
49 33 22 43
50 33 22 43
51 33 22 43
52 33 22 43
53 33 22 43
54 33 22 43
55 33 22 43
56 33 22 43
57 33 22 43
58 33 22 43
59 33 22 43
60 33 22 43
61 33 22 43
62 33 22 43
63 33 22 43
64 33 22 43
65 33 22 43
