0 38 24 67
1 38 24 67
2 38 24 67
3 38 24 67
4 38 24 67
5 38 24 67
6 38 24 67
7 38 24 67
8 38 24 67
9 38 24 67
10 38 24 67
11 38 24 67
12 38 24 67
13 38 24 67
14 38 24 67
15 38 24 67
16 38 24 67
17 38 24 67
18 38 24 67
19 38 24 67
20 38 24 67
21 38 24 67
22 38 24 67
23 38 24 67
24 38 24 67
25 38 24 67
26 38 24 67
27 38 24 67
28 38 24 67
29 38 24 67
30 38 24 67
31 38 24 67
32 38 24 67
33 38 24 67
34 38 24 67
35 38 24 67
36 38 24 67
37 38 24 67
38 38 24 67
39 38 24 67
40 38 24 67
41 38 24 67
42 38 24 67
43 38 24 67
44 38 24 67
45 38 24 67
46 38 24 67
47 38 24 67
48 38 24 67
49 38 24 67
50 38 24 67
51 38 24 67
52 38 24 67
53 38 24 67
54 38 24 67
55 38 24 67
56 38 24 67
57 38 24 67
58 38 24 67
59 38 24 67
60 38 24 67
61 38 24 67
62 38 24 67
63 38 24 67
64 38 24 67
65 38 24 67
