0 25 26 67
1 25 26 67
2 25 26 67
3 25 26 67
4 25 26 67
5 25 26 67
6 25 26 67
7 25 26 67
8 25 26 67
9 25 26 67
10 25 26 67
11 25 26 67
12 25 26 67
13 25 26 67
14 25 26 67
15 25 26 67
16 25 26 67
17 25 26 67
18 25 26 67
19 25 26 67
20 25 26 67
21 25 26 67
22 25 26 67
23 25 26 67
24 25 26 67
25 25 26 67
26 25 26 67
27 25 26 67
28 25 26 67
29 25 26 67
30 25 26 67
31 25 26 67
32 25 26 67
33 25 26 67
34 25 26 67
35 25 26 67
36 25 26 67
37 25 26 67
38 25 26 67
39 25 26 67
40 25 26 67
41 25 26 67
42 25 26 67
43 25 26 67
44 25 26 67
45 25 26 67
46 25 26 67
47 25 26 67
48 25 26 67
49 25 26 67
50 25 26 67
51 25 26 67
52 25 26 67
53 25 26 67
54 25 26 67
55 25 26 67
56 25 26 67
57 25 26 67
58 25 26 67
59 25 26 67
60 25 26 67
61 25 26 67
62 25 26 67
63 25 26 67
64 25 26 67
65 25 26 67
