0 35 15 65
1 35 15 65
2 35 15 65
3 35 15 65
4 35 15 65
5 35 15 65
6 35 15 65
7 35 15 65
8 35 15 65
9 35 15 65
10 35 15 65
11 35 15 65
12 35 15 65
13 35 15 65
14 35 15 65
15 35 15 65
16 35 15 65
17 35 15 65
18 35 15 65
19 35 15 65
20 35 15 65
21 35 15 65
22 35 15 65
23 35 15 65
24 35 15 65
25 35 15 65
26 35 15 65
27 35 15 65
28 35 15 65
29 35 15 65
30 35 15 65
31 35 15 65
32 35 15 65
33 35 15 65
34 35 15 65
35 35 15 65
36 35 15 65
37 35 15 65
38 35 15 65
39 35 15 65
40 35 15 65
41 35 15 65
42 35 15 65
43 35 15 65
44 35 15 65
45 35 15 65
46 35 15 65
47 35 15 65
48 35 15 65
49 35 15 65
50 35 15 65
51 35 15 65
52 35 15 65
53 35 15 65
54 35 15 65
55 35 15 65
56 35 15 65
57 35 15 65
58 35 15 65
59 35 15 65
60 35 15 65
61 35 15 65
62 35 15 65
63 35 15 65
64 35 15 65
65 35 15 65
