0.0 76.70 45.39 11.62
1.0 76.33 43.33 13.34
2.0 72.31 40.86 12.36
3.0 67.94 40.28 10.66
4.0 64.30 37.08 12.42
5.0 65.83 39.14 10.82
6.0 62.60 40.98 10.18
7.0 66.50 44.66 9.99
8.0 71.48 40.78 8.81
9.0 70.45 41.17 9.21
10.0 74.93 40.99 9.72
11.0 73.60 36.43 8.96
12.0 75.31 38.89 8.64
13.0 78.60 35.11 9.02
14.0 74.25 35.99 9.79
15.0 71.03 35.64 11.14
16.0 67.27 31.32 11.88
17.0 69.78 29.25 12.67
18.0 73.34 26.77 13.53
19.0 68.96 27.25 13.36
20.0 67.43 25.28 13.71
21.0 66.58 27.66 12.95
22.0 62.02 26.63 14.61
23.0 65.60 26.24 14.44
24.0 67.45 28.69 12.69
25.0 65.07 28.20 11.18
26.0 68.67 23.73 10.42
27.0 67.09 22.67 9.29
28.0 71.07 20.95 11.15
29.0 71.42 16.45 9.23
30.0 68.16 19.16 8.33
31.0 68.40 22.40 8.87
32.0 68.70 24.81 10.67
33.0 66.55 24.34 9.79
34.0 63.90 22.97 9.97
35.0 64.37 21.37 10.77
36.0 69.34 19.02 9.36
37.0 72.60 20.27 9.68
38.0 71.65 17.44 7.79
39.0 68.88 20.91 8.02
40.0 69.29 21.53 6.44
41.0 66.18 24.73 6.80
42.0 67.05 28.97 8.22
43.0 70.92 28.40 7.92
44.0 74.37 24.02 9.38
45.0 72.44 21.07 10.33
46.0 68.14 25.12 10.38
47.0 70.03 26.09 9.81
48.0 65.64 27.13 8.00
49.0 61.77 29.94 6.06
50.0 59.43 33.84 7.03
51.0 62.64 31.93 7.28
52.0 60.79 27.37 6.03
53.0 56.51 30.75 6.28
54.0 60.89 32.53 7.62
55.0 63.74 33.22 6.91
56.0 61.99 32.76 5.50
57.0 58.23 30.72 3.59
58.0 56.32 26.43 5.52
59.0 58.92 27.16 6.36
60.0 63.13 23.82 4.91
