0 41 24 78
1 41 24 78
2 41 24 78
3 41 24 78
4 41 24 78
5 41 24 78
6 41 24 78
7 41 24 78
8 41 24 78
9 41 24 78
10 41 24 78
11 41 24 78
12 41 24 78
13 41 24 78
14 41 24 78
15 41 24 78
16 41 24 78
17 41 24 78
18 41 24 78
19 41 24 78
20 41 24 78
21 41 24 78
22 41 24 78
23 41 24 78
24 41 24 78
25 41 24 78
26 41 24 78
27 41 24 78
28 41 24 78
29 41 24 78
30 41 24 78
31 41 24 78
32 41 24 78
33 41 24 78
34 41 24 78
35 41 24 78
36 41 24 78
37 41 24 78
38 41 24 78
39 41 24 78
40 41 24 78
41 41 24 78
42 41 24 78
43 41 24 78
44 41 24 78
45 41 24 78
46 41 24 78
47 41 24 78
48 41 24 78
49 41 24 78
50 41 24 78
51 41 24 78
52 41 24 78
53 41 24 78
54 41 24 78
55 41 24 78
56 41 24 78
57 41 24 78
58 41 24 78
59 41 24 78
60 41 24 78
61 41 24 78
62 41 24 78
63 41 24 78
64 41 24 78
65 41 24 78
