0 43 28 83
1 43 28 83
2 43 28 83
3 43 28 83
4 43 28 83
5 43 28 83
6 43 28 83
7 43 28 83
8 43 28 83
9 43 28 83
10 43 28 83
11 43 28 83
12 43 28 83
13 43 28 83
14 43 28 83
15 43 28 83
16 43 28 83
17 43 28 83
18 43 28 83
19 43 28 83
20 43 28 83
21 43 28 83
22 43 28 83
23 43 28 83
24 43 28 83
25 43 28 83
26 43 28 83
27 43 28 83
28 43 28 83
29 43 28 83
30 43 28 83
31 43 28 83
32 43 28 83
33 43 28 83
34 43 28 83
35 43 28 83
36 43 28 83
37 43 28 83
38 43 28 83
39 43 28 83
40 43 28 83
41 43 28 83
42 43 28 83
43 43 28 83
44 43 28 83
45 43 28 83
46 43 28 83
47 43 28 83
48 43 28 83
49 43 28 83
50 43 28 83
51 43 28 83
52 43 28 83
53 43 28 83
54 43 28 83
55 43 28 83
56 43 28 83
57 43 28 83
58 43 28 83
59 43 28 83
60 43 28 83
61 43 28 83
62 43 28 83
63 43 28 83
64 43 28 83
65 43 28 83
