0 28 19 70
1 28 19 70
2 28 19 70
3 28 19 70
4 28 19 70
5 28 19 70
6 28 19 70
7 28 19 70
8 28 19 70
9 28 19 70
10 28 19 70
11 28 19 70
12 28 19 70
13 28 19 70
14 28 19 70
15 28 19 70
16 28 19 70
17 28 19 70
18 28 19 70
19 28 19 70
20 28 19 70
21 28 19 70
22 28 19 70
23 28 19 70
24 28 19 70
25 28 19 70
26 28 19 70
27 28 19 70
28 28 19 70
29 28 19 70
30 28 19 70
31 28 19 70
32 28 19 70
33 28 19 70
34 28 19 70
35 28 19 70
36 28 19 70
37 28 19 70
38 28 19 70
39 28 19 70
40 28 19 70
41 28 19 70
42 28 19 70
43 28 19 70
44 28 19 70
45 28 19 70
46 28 19 70
47 28 19 70
48 28 19 70
49 28 19 70
50 28 19 70
51 28 19 70
52 28 19 70
53 28 19 70
54 28 19 70
55 28 19 70
56 28 19 70
57 28 19 70
58 28 19 70
59 28 19 70
60 28 19 70
61 28 19 70
62 28 19 70
63 28 19 70
64 28 19 70
65 28 19 70
