0 19 24 3
1 19 24 3
2 19 24 3
3 19 24 3
4 19 24 3
5 19 24 3
6 19 24 3
7 19 24 3
8 19 24 3
9 19 24 3
10 19 24 3
11 19 24 3
12 19 24 3
13 19 24 3
14 19 24 3
15 19 24 3
16 19 24 3
17 19 24 3
18 19 24 3
19 19 24 3
20 19 24 3
21 19 24 3
22 19 24 3
23 19 24 3
24 19 24 3
25 19 24 3
26 19 24 3
27 19 24 3
28 19 24 3
29 19 24 3
30 19 24 3
31 19 24 3
32 19 24 3
33 19 24 3
34 19 24 3
35 19 24 3
36 19 24 3
37 19 24 3
38 19 24 3
39 19 24 3
40 19 24 3
41 19 24 3
42 19 24 3
43 19 24 3
44 19 24 3
45 19 24 3
46 19 24 3
47 19 24 3
48 19 24 3
49 19 24 3
50 19 24 3
51 19 24 3
52 19 24 3
53 19 24 3
54 19 24 3
55 19 24 3
56 19 24 3
57 19 24 3
58 19 24 3
59 19 24 3
60 19 24 3
61 19 24 3
62 19 24 3
63 19 24 3
64 19 24 3
65 19 24 3
