0 32 21 56
1 32 21 56
2 32 21 56
3 32 21 56
4 32 21 56
5 32 21 56
6 32 21 56
7 32 21 56
8 32 21 56
9 32 21 56
10 32 21 56
11 32 21 56
12 32 21 56
13 32 21 56
14 32 21 56
15 32 21 56
16 32 21 56
17 32 21 56
18 32 21 56
19 32 21 56
20 32 21 56
21 32 21 56
22 32 21 56
23 32 21 56
24 32 21 56
25 32 21 56
26 32 21 56
27 32 21 56
28 32 21 56
29 32 21 56
30 32 21 56
31 32 21 56
32 32 21 56
33 32 21 56
34 32 21 56
35 32 21 56
36 32 21 56
37 32 21 56
38 32 21 56
39 32 21 56
40 32 21 56
41 32 21 56
42 32 21 56
43 32 21 56
44 32 21 56
45 32 21 56
46 32 21 56
47 32 21 56
48 32 21 56
49 32 21 56
50 32 21 56
51 32 21 56
52 32 21 56
53 32 21 56
54 32 21 56
55 32 21 56
56 32 21 56
57 32 21 56
58 32 21 56
59 32 21 56
60 32 21 56
61 32 21 56
62 32 21 56
63 32 21 56
64 32 21 56
65 32 21 56
