0.0 66.37 59.84 16.90
1.0 69.95 57.89 16.44
2.0 72.09 58.06 14.46
3.0 76.46 55.32 12.79
4.0 79.92 59.34 11.40
5.0 82.56 57.28 12.17
6.0 85.59 61.52 12.98
7.0 86.01 61.34 13.95
8.0 86.01 62.21 15.28
9.0 82.64 58.86 15.75
10.0 83.16 62.20 17.08
11.0 79.10 65.45 16.56
12.0 75.69 65.39 17.49
13.0 74.34 67.24 17.93
14.0 74.09 69.23 17.53
15.0 77.88 68.35 16.09
16.0 79.12 65.53 16.10
17.0 74.64 69.43 16.65
18.0 78.85 69.68 16.00
19.0 79.13 69.21 15.07
20.0 81.62 67.60 13.72
21.0 78.09 65.61 14.05
22.0 82.02 63.97 13.21
23.0 77.47 62.30 13.38
24.0 77.74 62.48 13.11
25.0 77.55 65.99 11.75
26.0 81.93 66.16 12.94
27.0 80.88 68.14 12.73
28.0 82.65 64.12 12.64
29.0 86.00 59.80 10.97
30.0 87.36 62.57 8.99
31.0 91.91 64.82 9.72
32.0 96.45 69.71 9.36
33.0 93.80 71.97 10.39
34.0 90.54 69.41 10.89
35.0 93.60 65.76 9.45
36.0 96.49 68.41 9.43
37.0 94.12 67.86 9.38
38.0 89.81 70.44 7.76
39.0 85.65 71.89 8.13
40.0 82.85 76.23 8.68
41.0 86.99 73.88 6.96
42.0 91.48 74.45 7.19
43.0 90.30 78.46 5.82
44.0 91.11 81.20 5.11
45.0 95.97 78.57 3.76
46.0 97.62 79.75 5.25
47.0 98.24 82.86 3.88
48.0 96.35 83.23 4.26
49.0 100.00 81.06 3.21
50.0 100.00 79.94 4.00
51.0 98.30 76.14 2.09
52.0 93.60 75.36 4.03
53.0 95.06 74.49 5.47
54.0 96.36 78.30 6.45
55.0 100.00 81.67 7.58
56.0 100.00 81.52 5.76
57.0 100.00 79.26 6.62
58.0 97.85 77.64 6.17
59.0 96.68 73.37 5.42
60.0 98.92 77.70 4.22
