0 18 22 92
1 18 22 92
2 18 22 92
3 18 22 92
4 18 22 92
5 18 22 92
6 18 22 92
7 18 22 92
8 18 22 92
9 18 22 92
10 18 22 92
11 18 22 92
12 18 22 92
13 18 22 92
14 18 22 92
15 18 22 92
16 18 22 92
17 18 22 92
18 18 22 92
19 18 22 92
20 18 22 92
21 18 22 92
22 18 22 92
23 18 22 92
24 18 22 92
25 18 22 92
26 18 22 92
27 18 22 92
28 18 22 92
29 18 22 92
30 18 22 92
31 18 22 92
32 18 22 92
33 18 22 92
34 18 22 92
35 18 22 92
36 18 22 92
37 18 22 92
38 18 22 92
39 18 22 92
40 18 22 92
41 18 22 92
42 18 22 92
43 18 22 92
44 18 22 92
45 18 22 92
46 18 22 92
47 18 22 92
48 18 22 92
49 18 22 92
50 18 22 92
51 18 22 92
52 18 22 92
53 18 22 92
54 18 22 92
55 18 22 92
56 18 22 92
57 18 22 92
58 18 22 92
59 18 22 92
60 18 22 92
61 18 22 92
62 18 22 92
63 18 22 92
64 18 22 92
65 18 22 92
