0 26 23 68
1 26 23 68
2 26 23 68
3 26 23 68
4 26 23 68
5 26 23 68
6 26 23 68
7 26 23 68
8 26 23 68
9 26 23 68
10 26 23 68
11 26 23 68
12 26 23 68
13 26 23 68
14 26 23 68
15 26 23 68
16 26 23 68
17 26 23 68
18 26 23 68
19 26 23 68
20 26 23 68
21 26 23 68
22 26 23 68
23 26 23 68
24 26 23 68
25 26 23 68
26 26 23 68
27 26 23 68
28 26 23 68
29 26 23 68
30 26 23 68
31 26 23 68
32 26 23 68
33 26 23 68
34 26 23 68
35 26 23 68
36 26 23 68
37 26 23 68
38 26 23 68
39 26 23 68
40 26 23 68
41 26 23 68
42 26 23 68
43 26 23 68
44 26 23 68
45 26 23 68
46 26 23 68
47 26 23 68
48 26 23 68
49 26 23 68
50 26 23 68
51 26 23 68
52 26 23 68
53 26 23 68
54 26 23 68
55 26 23 68
56 26 23 68
57 26 23 68
58 26 23 68
59 26 23 68
60 26 23 68
61 26 23 68
62 26 23 68
63 26 23 68
64 26 23 68
65 26 23 68
