0 19 28 70
1 19 28 70
2 19 28 70
3 19 28 70
4 19 28 70
5 19 28 70
6 19 28 70
7 19 28 70
8 19 28 70
9 19 28 70
10 19 28 70
11 19 28 70
12 19 28 70
13 19 28 70
14 19 28 70
15 19 28 70
16 19 28 70
17 19 28 70
18 19 28 70
19 19 28 70
20 19 28 70
21 19 28 70
22 19 28 70
23 19 28 70
24 19 28 70
25 19 28 70
26 19 28 70
27 19 28 70
28 19 28 70
29 19 28 70
30 19 28 70
31 19 28 70
32 19 28 70
33 19 28 70
34 19 28 70
35 19 28 70
36 19 28 70
37 19 28 70
38 19 28 70
39 19 28 70
40 19 28 70
41 19 28 70
42 19 28 70
43 19 28 70
44 19 28 70
45 19 28 70
46 19 28 70
47 19 28 70
48 19 28 70
49 19 28 70
50 19 28 70
51 19 28 70
52 19 28 70
53 19 28 70
54 19 28 70
55 19 28 70
56 19 28 70
57 19 28 70
58 19 28 70
59 19 28 70
60 19 28 70
61 19 28 70
62 19 28 70
63 19 28 70
64 19 28 70
65 19 28 70
