0 24 43 31
1 24 43 31
2 24 43 31
3 24 43 31
4 24 43 31
5 24 43 31
6 24 43 31
7 24 43 31
8 24 43 31
9 24 43 31
10 24 43 31
11 24 43 31
12 24 43 31
13 24 43 31
14 24 43 31
15 24 43 31
16 24 43 31
17 24 43 31
18 24 43 31
19 24 43 31
20 24 43 31
21 24 43 31
22 24 43 31
23 24 43 31
24 24 43 31
25 24 43 31
26 24 43 31
27 24 43 31
28 24 43 31
29 24 43 31
30 24 43 31
31 24 43 31
32 24 43 31
33 24 43 31
34 24 43 31
35 24 43 31
36 24 43 31
37 24 43 31
38 24 43 31
39 24 43 31
40 24 43 31
41 24 43 31
42 24 43 31
43 24 43 31
44 24 43 31
45 24 43 31
46 24 43 31
47 24 43 31
48 24 43 31
49 24 43 31
50 24 43 31
51 24 43 31
52 24 43 31
53 24 43 31
54 24 43 31
55 24 43 31
56 24 43 31
57 24 43 31
58 24 43 31
59 24 43 31
60 24 43 31
61 24 43 31
62 24 43 31
63 24 43 31
64 24 43 31
65 24 43 31
