0 18 29 72
1 18 29 72
2 18 29 72
3 18 29 72
4 18 29 72
5 18 29 72
6 18 29 72
7 18 29 72
8 18 29 72
9 18 29 72
10 18 29 72
11 18 29 72
12 18 29 72
13 18 29 72
14 18 29 72
15 18 29 72
16 18 29 72
17 18 29 72
18 18 29 72
19 18 29 72
20 18 29 72
21 18 29 72
22 18 29 72
23 18 29 72
24 18 29 72
25 18 29 72
26 18 29 72
27 18 29 72
28 18 29 72
29 18 29 72
30 18 29 72
31 18 29 72
32 18 29 72
33 18 29 72
34 18 29 72
35 18 29 72
36 18 29 72
37 18 29 72
38 18 29 72
39 18 29 72
40 18 29 72
41 18 29 72
42 18 29 72
43 18 29 72
44 18 29 72
45 18 29 72
46 18 29 72
47 18 29 72
48 18 29 72
49 18 29 72
50 18 29 72
51 18 29 72
52 18 29 72
53 18 29 72
54 18 29 72
55 18 29 72
56 18 29 72
57 18 29 72
58 18 29 72
59 18 29 72
60 18 29 72
61 18 29 72
62 18 29 72
63 18 29 72
64 18 29 72
65 18 29 72
