0 17 8 10
1 17 8 10
2 17 8 10
3 17 8 10
4 17 8 10
5 17 8 10
6 17 8 10
7 17 8 10
8 17 8 10
9 17 8 10
10 17 8 10
11 17 8 10
12 17 8 10
13 17 8 10
14 17 8 10
15 17 8 10
16 17 8 10
17 17 8 10
18 17 8 10
19 17 8 10
20 17 8 10
21 17 8 10
22 17 8 10
23 17 8 10
24 17 8 10
25 17 8 10
26 17 8 10
27 17 8 10
28 17 8 10
29 17 8 10
30 17 8 10
31 17 8 10
32 17 8 10
33 17 8 10
34 17 8 10
35 17 8 10
36 17 8 10
37 17 8 10
38 17 8 10
39 17 8 10
40 17 8 10
41 17 8 10
42 17 8 10
43 17 8 10
44 17 8 10
45 17 8 10
46 17 8 10
47 17 8 10
48 17 8 10
49 17 8 10
50 17 8 10
51 17 8 10
52 17 8 10
53 17 8 10
54 17 8 10
55 17 8 10
56 17 8 10
57 17 8 10
58 17 8 10
59 17 8 10
60 17 8 10
61 17 8 10
62 17 8 10
63 17 8 10
64 17 8 10
65 17 8 10
