0 13 13 7
1 13 13 7
2 13 13 7
3 13 13 7
4 13 13 7
5 13 13 7
6 13 13 7
7 13 13 7
8 13 13 7
9 13 13 7
10 13 13 7
11 13 13 7
12 13 13 7
13 13 13 7
14 13 13 7
15 13 13 7
16 13 13 7
17 13 13 7
18 13 13 7
19 13 13 7
20 13 13 7
21 13 13 7
22 13 13 7
23 13 13 7
24 13 13 7
25 13 13 7
26 13 13 7
27 13 13 7
28 13 13 7
29 13 13 7
30 13 13 7
31 13 13 7
32 13 13 7
33 13 13 7
34 13 13 7
35 13 13 7
36 13 13 7
37 13 13 7
38 13 13 7
39 13 13 7
40 13 13 7
41 13 13 7
42 13 13 7
43 13 13 7
44 13 13 7
45 13 13 7
46 13 13 7
47 13 13 7
48 13 13 7
49 13 13 7
50 13 13 7
51 13 13 7
52 13 13 7
53 13 13 7
54 13 13 7
55 13 13 7
56 13 13 7
57 13 13 7
58 13 13 7
59 13 13 7
60 13 13 7
61 13 13 7
62 13 13 7
63 13 13 7
64 13 13 7
65 13 13 7
