0 31 15 63
1 31 15 63
2 31 15 63
3 31 15 63
4 31 15 63
5 31 15 63
6 31 15 63
7 31 15 63
8 31 15 63
9 31 15 63
10 31 15 63
11 31 15 63
12 31 15 63
13 31 15 63
14 31 15 63
15 31 15 63
16 31 15 63
17 31 15 63
18 31 15 63
19 31 15 63
20 31 15 63
21 31 15 63
22 31 15 63
23 31 15 63
24 31 15 63
25 31 15 63
26 31 15 63
27 31 15 63
28 31 15 63
29 31 15 63
30 31 15 63
31 31 15 63
32 31 15 63
33 31 15 63
34 31 15 63
35 31 15 63
36 31 15 63
37 31 15 63
38 31 15 63
39 31 15 63
40 31 15 63
41 31 15 63
42 31 15 63
43 31 15 63
44 31 15 63
45 31 15 63
46 31 15 63
47 31 15 63
48 31 15 63
49 31 15 63
50 31 15 63
51 31 15 63
52 31 15 63
53 31 15 63
54 31 15 63
55 31 15 63
56 31 15 63
57 31 15 63
58 31 15 63
59 31 15 63
60 31 15 63
61 31 15 63
62 31 15 63
63 31 15 63
64 31 15 63
65 31 15 63
