0 38 38 3
1 38 38 3
2 38 38 3
3 38 38 3
4 38 38 3
5 38 38 3
6 38 38 3
7 38 38 3
8 38 38 3
9 38 38 3
10 38 38 3
11 38 38 3
12 38 38 3
13 38 38 3
14 38 38 3
15 38 38 3
16 38 38 3
17 38 38 3
18 38 38 3
19 38 38 3
20 38 38 3
21 38 38 3
22 38 38 3
23 38 38 3
24 38 38 3
25 38 38 3
26 38 38 3
27 38 38 3
28 38 38 3
29 38 38 3
30 38 38 3
31 38 38 3
32 38 38 3
33 38 38 3
34 38 38 3
35 38 38 3
36 38 38 3
37 38 38 3
38 38 38 3
39 38 38 3
40 38 38 3
41 38 38 3
42 38 38 3
43 38 38 3
44 38 38 3
45 38 38 3
46 38 38 3
47 38 38 3
48 38 38 3
49 38 38 3
50 38 38 3
51 38 38 3
52 38 38 3
53 38 38 3
54 38 38 3
55 38 38 3
56 38 38 3
57 38 38 3
58 38 38 3
59 38 38 3
60 38 38 3
61 38 38 3
62 38 38 3
63 38 38 3
64 38 38 3
65 38 38 3
