0 21 39 78
1 21 39 78
2 21 39 78
3 21 39 78
4 21 39 78
5 21 39 78
6 21 39 78
7 21 39 78
8 21 39 78
9 21 39 78
10 21 39 78
11 21 39 78
12 21 39 78
13 21 39 78
14 21 39 78
15 21 39 78
16 21 39 78
17 21 39 78
18 21 39 78
19 21 39 78
20 21 39 78
21 21 39 78
22 21 39 78
23 21 39 78
24 21 39 78
25 21 39 78
26 21 39 78
27 21 39 78
28 21 39 78
29 21 39 78
30 21 39 78
31 21 39 78
32 21 39 78
33 21 39 78
34 21 39 78
35 21 39 78
36 21 39 78
37 21 39 78
38 21 39 78
39 21 39 78
40 21 39 78
41 21 39 78
42 21 39 78
43 21 39 78
44 21 39 78
45 21 39 78
46 21 39 78
47 21 39 78
48 21 39 78
49 21 39 78
50 21 39 78
51 21 39 78
52 21 39 78
53 21 39 78
54 21 39 78
55 21 39 78
56 21 39 78
57 21 39 78
58 21 39 78
59 21 39 78
60 21 39 78
61 21 39 78
62 21 39 78
63 21 39 78
64 21 39 78
65 21 39 78
