0.0 51.55 69.13 12.26
1.0 56.30 73.24 13.18
2.0 56.98 71.43 14.61
3.0 61.50 71.84 15.12
4.0 66.32 71.73 15.12
5.0 65.79 71.10 16.83
6.0 65.00 75.62 18.25
7.0 62.08 80.59 17.27
8.0 57.86 85.48 18.46
9.0 56.68 83.89 20.00
10.0 54.73 85.05 20.00
11.0 58.51 87.49 19.26
12.0 56.91 86.58 20.00
13.0 61.33 89.59 18.29
14.0 65.16 84.72 17.28
15.0 61.87 85.29 16.35
16.0 60.92 88.53 17.34
17.0 62.04 83.78 18.59
18.0 61.62 86.49 16.87
19.0 62.41 86.63 15.95
20.0 66.44 90.80 17.00
21.0 63.10 91.15 15.21
22.0 59.74 91.29 14.05
23.0 61.10 90.75 12.95
24.0 64.73 85.87 13.00
25.0 64.07 83.10 13.36
26.0 67.59 84.87 14.54
27.0 67.48 85.50 13.65
28.0 62.81 83.30 12.59
29.0 60.18 84.84 12.35
30.0 55.90 82.85 13.66
31.0 54.79 84.04 13.33
32.0 59.26 80.40 14.11
33.0 61.28 79.13 14.21
34.0 61.41 81.42 13.45
35.0 64.43 77.95 11.52
36.0 65.43 75.71 13.23
37.0 70.21 75.06 13.94
38.0 72.58 78.99 15.44
39.0 76.35 76.93 17.18
40.0 73.97 76.75 16.18
41.0 70.64 75.55 16.30
42.0 66.89 76.43 15.70
43.0 63.16 75.98 17.21
44.0 62.41 76.02 18.94
45.0 60.72 78.07 18.53
46.0 59.75 78.95 19.10
47.0 58.71 74.05 20.00
48.0 59.51 76.32 20.00
49.0 61.25 77.91 18.26
50.0 57.30 75.58 18.41
51.0 57.82 74.04 19.71
52.0 62.53 74.05 19.69
53.0 58.86 77.13 20.00
54.0 57.10 79.70 20.00
55.0 58.95 78.08 20.00
56.0 61.33 80.96 19.82
57.0 56.38 76.73 19.38
58.0 58.24 78.55 19.78
59.0 53.88 79.48 17.90
60.0 52.68 74.98 18.91
