0 13 19 31
1 13 19 31
2 13 19 31
3 13 19 31
4 13 19 31
5 13 19 31
6 13 19 31
7 13 19 31
8 13 19 31
9 13 19 31
10 13 19 31
11 13 19 31
12 13 19 31
13 13 19 31
14 13 19 31
15 13 19 31
16 13 19 31
17 13 19 31
18 13 19 31
19 13 19 31
20 13 19 31
21 13 19 31
22 13 19 31
23 13 19 31
24 13 19 31
25 13 19 31
26 13 19 31
27 13 19 31
28 13 19 31
29 13 19 31
30 13 19 31
31 13 19 31
32 13 19 31
33 13 19 31
34 13 19 31
35 13 19 31
36 13 19 31
37 13 19 31
38 13 19 31
39 13 19 31
40 13 19 31
41 13 19 31
42 13 19 31
43 13 19 31
44 13 19 31
45 13 19 31
46 13 19 31
47 13 19 31
48 13 19 31
49 13 19 31
50 13 19 31
51 13 19 31
52 13 19 31
53 13 19 31
54 13 19 31
55 13 19 31
56 13 19 31
57 13 19 31
58 13 19 31
59 13 19 31
60 13 19 31
61 13 19 31
62 13 19 31
63 13 19 31
64 13 19 31
65 13 19 31
