0 36 36 31
1 36 36 31
2 36 36 31
3 36 36 31
4 36 36 31
5 36 36 31
6 36 36 31
7 36 36 31
8 36 36 31
9 36 36 31
10 36 36 31
11 36 36 31
12 36 36 31
13 36 36 31
14 36 36 31
15 36 36 31
16 36 36 31
17 36 36 31
18 36 36 31
19 36 36 31
20 36 36 31
21 36 36 31
22 36 36 31
23 36 36 31
24 36 36 31
25 36 36 31
26 36 36 31
27 36 36 31
28 36 36 31
29 36 36 31
30 36 36 31
31 36 36 31
32 36 36 31
33 36 36 31
34 36 36 31
35 36 36 31
36 36 36 31
37 36 36 31
38 36 36 31
39 36 36 31
40 36 36 31
41 36 36 31
42 36 36 31
43 36 36 31
44 36 36 31
45 36 36 31
46 36 36 31
47 36 36 31
48 36 36 31
49 36 36 31
50 36 36 31
51 36 36 31
52 36 36 31
53 36 36 31
54 36 36 31
55 36 36 31
56 36 36 31
57 36 36 31
58 36 36 31
59 36 36 31
60 36 36 31
61 36 36 31
62 36 36 31
63 36 36 31
64 36 36 31
65 36 36 31
