0 22 22 43
1 22 22 43
2 22 22 43
3 22 22 43
4 22 22 43
5 22 22 43
6 22 22 43
7 22 22 43
8 22 22 43
9 22 22 43
10 22 22 43
11 22 22 43
12 22 22 43
13 22 22 43
14 22 22 43
15 22 22 43
16 22 22 43
17 22 22 43
18 22 22 43
19 22 22 43
20 22 22 43
21 22 22 43
22 22 22 43
23 22 22 43
24 22 22 43
25 22 22 43
26 22 22 43
27 22 22 43
28 22 22 43
29 22 22 43
30 22 22 43
31 22 22 43
32 22 22 43
33 22 22 43
34 22 22 43
35 22 22 43
36 22 22 43
37 22 22 43
38 22 22 43
39 22 22 43
40 22 22 43
41 22 22 43
42 22 22 43
43 22 22 43
44 22 22 43
45 22 22 43
46 22 22 43
47 22 22 43
48 22 22 43
49 22 22 43
50 22 22 43
51 22 22 43
52 22 22 43
53 22 22 43
54 22 22 43
55 22 22 43
56 22 22 43
57 22 22 43
58 22 22 43
59 22 22 43
60 22 22 43
61 22 22 43
62 22 22 43
63 22 22 43
64 22 22 43
65 22 22 43
