0 39 21 63
1 39 21 63
2 39 21 63
3 39 21 63
4 39 21 63
5 39 21 63
6 39 21 63
7 39 21 63
8 39 21 63
9 39 21 63
10 39 21 63
11 39 21 63
12 39 21 63
13 39 21 63
14 39 21 63
15 39 21 63
16 39 21 63
17 39 21 63
18 39 21 63
19 39 21 63
20 39 21 63
21 39 21 63
22 39 21 63
23 39 21 63
24 39 21 63
25 39 21 63
26 39 21 63
27 39 21 63
28 39 21 63
29 39 21 63
30 39 21 63
31 39 21 63
32 39 21 63
33 39 21 63
34 39 21 63
35 39 21 63
36 39 21 63
37 39 21 63
38 39 21 63
39 39 21 63
40 39 21 63
41 39 21 63
42 39 21 63
43 39 21 63
44 39 21 63
45 39 21 63
46 39 21 63
47 39 21 63
48 39 21 63
49 39 21 63
50 39 21 63
51 39 21 63
52 39 21 63
53 39 21 63
54 39 21 63
55 39 21 63
56 39 21 63
57 39 21 63
58 39 21 63
59 39 21 63
60 39 21 63
61 39 21 63
62 39 21 63
63 39 21 63
64 39 21 63
65 39 21 63
