0 18 26 94
1 18 26 94
2 18 26 94
3 18 26 94
4 18 26 94
5 18 26 94
6 18 26 94
7 18 26 94
8 18 26 94
9 18 26 94
10 18 26 94
11 18 26 94
12 18 26 94
13 18 26 94
14 18 26 94
15 18 26 94
16 18 26 94
17 18 26 94
18 18 26 94
19 18 26 94
20 18 26 94
21 18 26 94
22 18 26 94
23 18 26 94
24 18 26 94
25 18 26 94
26 18 26 94
27 18 26 94
28 18 26 94
29 18 26 94
30 18 26 94
31 18 26 94
32 18 26 94
33 18 26 94
34 18 26 94
35 18 26 94
36 18 26 94
37 18 26 94
38 18 26 94
39 18 26 94
40 18 26 94
41 18 26 94
42 18 26 94
43 18 26 94
44 18 26 94
45 18 26 94
46 18 26 94
47 18 26 94
48 18 26 94
49 18 26 94
50 18 26 94
51 18 26 94
52 18 26 94
53 18 26 94
54 18 26 94
55 18 26 94
56 18 26 94
57 18 26 94
58 18 26 94
59 18 26 94
60 18 26 94
61 18 26 94
62 18 26 94
63 18 26 94
64 18 26 94
65 18 26 94
