0 22 33 70
1 22 33 70
2 22 33 70
3 22 33 70
4 22 33 70
5 22 33 70
6 22 33 70
7 22 33 70
8 22 33 70
9 22 33 70
10 22 33 70
11 22 33 70
12 22 33 70
13 22 33 70
14 22 33 70
15 22 33 70
16 22 33 70
17 22 33 70
18 22 33 70
19 22 33 70
20 22 33 70
21 22 33 70
22 22 33 70
23 22 33 70
24 22 33 70
25 22 33 70
26 22 33 70
27 22 33 70
28 22 33 70
29 22 33 70
30 22 33 70
31 22 33 70
32 22 33 70
33 22 33 70
34 22 33 70
35 22 33 70
36 22 33 70
37 22 33 70
38 22 33 70
39 22 33 70
40 22 33 70
41 22 33 70
42 22 33 70
43 22 33 70
44 22 33 70
45 22 33 70
46 22 33 70
47 22 33 70
48 22 33 70
49 22 33 70
50 22 33 70
51 22 33 70
52 22 33 70
53 22 33 70
54 22 33 70
55 22 33 70
56 22 33 70
57 22 33 70
58 22 33 70
59 22 33 70
60 22 33 70
61 22 33 70
62 22 33 70
63 22 33 70
64 22 33 70
65 22 33 70
