0 39 21 65
1 39 21 65
2 39 21 65
3 39 21 65
4 39 21 65
5 39 21 65
6 39 21 65
7 39 21 65
8 39 21 65
9 39 21 65
10 39 21 65
11 39 21 65
12 39 21 65
13 39 21 65
14 39 21 65
15 39 21 65
16 39 21 65
17 39 21 65
18 39 21 65
19 39 21 65
20 39 21 65
21 39 21 65
22 39 21 65
23 39 21 65
24 39 21 65
25 39 21 65
26 39 21 65
27 39 21 65
28 39 21 65
29 39 21 65
30 39 21 65
31 39 21 65
32 39 21 65
33 39 21 65
34 39 21 65
35 39 21 65
36 39 21 65
37 39 21 65
38 39 21 65
39 39 21 65
40 39 21 65
41 39 21 65
42 39 21 65
43 39 21 65
44 39 21 65
45 39 21 65
46 39 21 65
47 39 21 65
48 39 21 65
49 39 21 65
50 39 21 65
51 39 21 65
52 39 21 65
53 39 21 65
54 39 21 65
55 39 21 65
56 39 21 65
57 39 21 65
58 39 21 65
59 39 21 65
60 39 21 65
61 39 21 65
62 39 21 65
63 39 21 65
64 39 21 65
65 39 21 65
