0 20 33 68
1 20 33 68
2 20 33 68
3 20 33 68
4 20 33 68
5 20 33 68
6 20 33 68
7 20 33 68
8 20 33 68
9 20 33 68
10 20 33 68
11 20 33 68
12 20 33 68
13 20 33 68
14 20 33 68
15 20 33 68
16 20 33 68
17 20 33 68
18 20 33 68
19 20 33 68
20 20 33 68
21 20 33 68
22 20 33 68
23 20 33 68
24 20 33 68
25 20 33 68
26 20 33 68
27 20 33 68
28 20 33 68
29 20 33 68
30 20 33 68
31 20 33 68
32 20 33 68
33 20 33 68
34 20 33 68
35 20 33 68
36 20 33 68
37 20 33 68
38 20 33 68
39 20 33 68
40 20 33 68
41 20 33 68
42 20 33 68
43 20 33 68
44 20 33 68
45 20 33 68
46 20 33 68
47 20 33 68
48 20 33 68
49 20 33 68
50 20 33 68
51 20 33 68
52 20 33 68
53 20 33 68
54 20 33 68
55 20 33 68
56 20 33 68
57 20 33 68
58 20 33 68
59 20 33 68
60 20 33 68
61 20 33 68
62 20 33 68
63 20 33 68
64 20 33 68
65 20 33 68
