0 28 14 66
1 28 14 66
2 28 14 66
3 28 14 66
4 28 14 66
5 28 14 66
6 28 14 66
7 28 14 66
8 28 14 66
9 28 14 66
10 28 14 66
11 28 14 66
12 28 14 66
13 28 14 66
14 28 14 66
15 28 14 66
16 28 14 66
17 28 14 66
18 28 14 66
19 28 14 66
20 28 14 66
21 28 14 66
22 28 14 66
23 28 14 66
24 28 14 66
25 28 14 66
26 28 14 66
27 28 14 66
28 28 14 66
29 28 14 66
30 28 14 66
31 28 14 66
32 28 14 66
33 28 14 66
34 28 14 66
35 28 14 66
36 28 14 66
37 28 14 66
38 28 14 66
39 28 14 66
40 28 14 66
41 28 14 66
42 28 14 66
43 28 14 66
44 28 14 66
45 28 14 66
46 28 14 66
47 28 14 66
48 28 14 66
49 28 14 66
50 28 14 66
51 28 14 66
52 28 14 66
53 28 14 66
54 28 14 66
55 28 14 66
56 28 14 66
57 28 14 66
58 28 14 66
59 28 14 66
60 28 14 66
61 28 14 66
62 28 14 66
63 28 14 66
64 28 14 66
65 28 14 66
