0 25 25 66
1 25 25 66
2 25 25 66
3 25 25 66
4 25 25 66
5 25 25 66
6 25 25 66
7 25 25 66
8 25 25 66
9 25 25 66
10 25 25 66
11 25 25 66
12 25 25 66
13 25 25 66
14 25 25 66
15 25 25 66
16 25 25 66
17 25 25 66
18 25 25 66
19 25 25 66
20 25 25 66
21 25 25 66
22 25 25 66
23 25 25 66
24 25 25 66
25 25 25 66
26 25 25 66
27 25 25 66
28 25 25 66
29 25 25 66
30 25 25 66
31 25 25 66
32 25 25 66
33 25 25 66
34 25 25 66
35 25 25 66
36 25 25 66
37 25 25 66
38 25 25 66
39 25 25 66
40 25 25 66
41 25 25 66
42 25 25 66
43 25 25 66
44 25 25 66
45 25 25 66
46 25 25 66
47 25 25 66
48 25 25 66
49 25 25 66
50 25 25 66
51 25 25 66
52 25 25 66
53 25 25 66
54 25 25 66
55 25 25 66
56 25 25 66
57 25 25 66
58 25 25 66
59 25 25 66
60 25 25 66
61 25 25 66
62 25 25 66
63 25 25 66
64 25 25 66
65 25 25 66
