0 28 24 66
1 28 24 66
2 28 24 66
3 28 24 66
4 28 24 66
5 28 24 66
6 28 24 66
7 28 24 66
8 28 24 66
9 28 24 66
10 28 24 66
11 28 24 66
12 28 24 66
13 28 24 66
14 28 24 66
15 28 24 66
16 28 24 66
17 28 24 66
18 28 24 66
19 28 24 66
20 28 24 66
21 28 24 66
22 28 24 66
23 28 24 66
24 28 24 66
25 28 24 66
26 28 24 66
27 28 24 66
28 28 24 66
29 28 24 66
30 28 24 66
31 28 24 66
32 28 24 66
33 28 24 66
34 28 24 66
35 28 24 66
36 28 24 66
37 28 24 66
38 28 24 66
39 28 24 66
40 28 24 66
41 28 24 66
42 28 24 66
43 28 24 66
44 28 24 66
45 28 24 66
46 28 24 66
47 28 24 66
48 28 24 66
49 28 24 66
50 28 24 66
51 28 24 66
52 28 24 66
53 28 24 66
54 28 24 66
55 28 24 66
56 28 24 66
57 28 24 66
58 28 24 66
59 28 24 66
60 28 24 66
61 28 24 66
62 28 24 66
63 28 24 66
64 28 24 66
65 28 24 66
