0 19 26 39
1 19 26 39
2 19 26 39
3 19 26 39
4 19 26 39
5 19 26 39
6 19 26 39
7 19 26 39
8 19 26 39
9 19 26 39
10 19 26 39
11 19 26 39
12 19 26 39
13 19 26 39
14 19 26 39
15 19 26 39
16 19 26 39
17 19 26 39
18 19 26 39
19 19 26 39
20 19 26 39
21 19 26 39
22 19 26 39
23 19 26 39
24 19 26 39
25 19 26 39
26 19 26 39
27 19 26 39
28 19 26 39
29 19 26 39
30 19 26 39
31 19 26 39
32 19 26 39
33 19 26 39
34 19 26 39
35 19 26 39
36 19 26 39
37 19 26 39
38 19 26 39
39 19 26 39
40 19 26 39
41 19 26 39
42 19 26 39
43 19 26 39
44 19 26 39
45 19 26 39
46 19 26 39
47 19 26 39
48 19 26 39
49 19 26 39
50 19 26 39
51 19 26 39
52 19 26 39
53 19 26 39
54 19 26 39
55 19 26 39
56 19 26 39
57 19 26 39
58 19 26 39
59 19 26 39
60 19 26 39
61 19 26 39
62 19 26 39
63 19 26 39
64 19 26 39
65 19 26 39
