0.0 47.58 93.01 20.00
1.0 50.11 89.87 20.00
2.0 48.02 91.44 20.00
3.0 46.32 92.72 19.68
4.0 50.67 96.57 18.32
5.0 47.06 95.00 20.00
6.0 42.13 91.78 20.00
7.0 43.58 89.28 19.25
8.0 42.69 85.84 20.00
9.0 38.05 83.77 18.48
10.0 34.23 81.72 17.19
11.0 38.76 84.02 15.37
12.0 33.88 82.49 16.79
13.0 34.62 79.61 14.95
14.0 35.66 75.88 13.80
15.0 31.06 78.62 14.68
16.0 28.83 82.26 15.33
17.0 26.90 77.34 14.47
18.0 24.98 78.29 16.13
19.0 27.60 73.54 17.82
20.0 23.03 71.00 16.47
21.0 20.42 68.47 16.35
22.0 22.39 63.85 16.67
23.0 18.40 66.90 15.85
24.0 15.80 67.94 15.50
25.0 13.86 69.10 17.42
26.0 13.69 71.58 17.70
27.0 12.85 72.19 16.22
28.0 10.85 75.46 15.47
29.0 9.59 77.73 14.24
30.0 6.57 78.77 15.99
31.0 7.65 77.12 14.78
32.0 12.15 73.44 15.12
33.0 9.98 75.81 14.79
34.0 5.86 80.80 13.51
35.0 2.11 85.75 14.21
36.0 2.72 89.91 15.23
37.0 6.74 87.54 15.59
38.0 4.91 82.70 17.03
39.0 7.12 83.26 15.04
40.0 6.33 82.90 15.41
41.0 8.94 84.70 13.80
42.0 7.80 81.53 15.47
43.0 2.99 86.46 14.87
44.0 0.00 85.67 16.09
45.0 0.00 88.37 16.85
46.0 3.31 92.80 16.81
47.0 7.02 96.29 15.59
48.0 4.22 97.30 15.34
49.0 3.29 96.37 14.31
50.0 0.00 100.00 16.23
51.0 3.74 100.00 16.60
52.0 7.06 99.30 15.67
53.0 4.52 100.00 17.36
54.0 9.27 99.46 16.30
55.0 13.44 100.00 16.39
56.0 14.23 95.74 17.02
57.0 10.63 92.58 18.76
58.0 6.76 91.59 19.31
59.0 8.49 88.88 19.05
60.0 3.68 87.97 19.17
