0 23 48 6
1 23 48 6
2 23 48 6
3 23 48 6
4 23 48 6
5 23 48 6
6 23 48 6
7 23 48 6
8 23 48 6
9 23 48 6
10 23 48 6
11 23 48 6
12 23 48 6
13 23 48 6
14 23 48 6
15 23 48 6
16 23 48 6
17 23 48 6
18 23 48 6
19 23 48 6
20 23 48 6
21 23 48 6
22 23 48 6
23 23 48 6
24 23 48 6
25 23 48 6
26 23 48 6
27 23 48 6
28 23 48 6
29 23 48 6
30 23 48 6
31 23 48 6
32 23 48 6
33 23 48 6
34 23 48 6
35 23 48 6
36 23 48 6
37 23 48 6
38 23 48 6
39 23 48 6
40 23 48 6
41 23 48 6
42 23 48 6
43 23 48 6
44 23 48 6
45 23 48 6
46 23 48 6
47 23 48 6
48 23 48 6
49 23 48 6
50 23 48 6
51 23 48 6
52 23 48 6
53 23 48 6
54 23 48 6
55 23 48 6
56 23 48 6
57 23 48 6
58 23 48 6
59 23 48 6
60 23 48 6
61 23 48 6
62 23 48 6
63 23 48 6
64 23 48 6
65 23 48 6
