0 36 28 70
1 36 28 70
2 36 28 70
3 36 28 70
4 36 28 70
5 36 28 70
6 36 28 70
7 36 28 70
8 36 28 70
9 36 28 70
10 36 28 70
11 36 28 70
12 36 28 70
13 36 28 70
14 36 28 70
15 36 28 70
16 36 28 70
17 36 28 70
18 36 28 70
19 36 28 70
20 36 28 70
21 36 28 70
22 36 28 70
23 36 28 70
24 36 28 70
25 36 28 70
26 36 28 70
27 36 28 70
28 36 28 70
29 36 28 70
30 36 28 70
31 36 28 70
32 36 28 70
33 36 28 70
34 36 28 70
35 36 28 70
36 36 28 70
37 36 28 70
38 36 28 70
39 36 28 70
40 36 28 70
41 36 28 70
42 36 28 70
43 36 28 70
44 36 28 70
45 36 28 70
46 36 28 70
47 36 28 70
48 36 28 70
49 36 28 70
50 36 28 70
51 36 28 70
52 36 28 70
53 36 28 70
54 36 28 70
55 36 28 70
56 36 28 70
57 36 28 70
58 36 28 70
59 36 28 70
60 36 28 70
61 36 28 70
62 36 28 70
63 36 28 70
64 36 28 70
65 36 28 70
