0 15 35 81
1 15 35 81
2 15 35 81
3 15 35 81
4 15 35 81
5 15 35 81
6 15 35 81
7 15 35 81
8 15 35 81
9 15 35 81
10 15 35 81
11 15 35 81
12 15 35 81
13 15 35 81
14 15 35 81
15 15 35 81
16 15 35 81
17 15 35 81
18 15 35 81
19 15 35 81
20 15 35 81
21 15 35 81
22 15 35 81
23 15 35 81
24 15 35 81
25 15 35 81
26 15 35 81
27 15 35 81
28 15 35 81
29 15 35 81
30 15 35 81
31 15 35 81
32 15 35 81
33 15 35 81
34 15 35 81
35 15 35 81
36 15 35 81
37 15 35 81
38 15 35 81
39 15 35 81
40 15 35 81
41 15 35 81
42 15 35 81
43 15 35 81
44 15 35 81
45 15 35 81
46 15 35 81
47 15 35 81
48 15 35 81
49 15 35 81
50 15 35 81
51 15 35 81
52 15 35 81
53 15 35 81
54 15 35 81
55 15 35 81
56 15 35 81
57 15 35 81
58 15 35 81
59 15 35 81
60 15 35 81
61 15 35 81
62 15 35 81
63 15 35 81
64 15 35 81
65 15 35 81
