0 44 28 64
1 44 28 64
2 44 28 64
3 44 28 64
4 44 28 64
5 44 28 64
6 44 28 64
7 44 28 64
8 44 28 64
9 44 28 64
10 44 28 64
11 44 28 64
12 44 28 64
13 44 28 64
14 44 28 64
15 44 28 64
16 44 28 64
17 44 28 64
18 44 28 64
19 44 28 64
20 44 28 64
21 44 28 64
22 44 28 64
23 44 28 64
24 44 28 64
25 44 28 64
26 44 28 64
27 44 28 64
28 44 28 64
29 44 28 64
30 44 28 64
31 44 28 64
32 44 28 64
33 44 28 64
34 44 28 64
35 44 28 64
36 44 28 64
37 44 28 64
38 44 28 64
39 44 28 64
40 44 28 64
41 44 28 64
42 44 28 64
43 44 28 64
44 44 28 64
45 44 28 64
46 44 28 64
47 44 28 64
48 44 28 64
49 44 28 64
50 44 28 64
51 44 28 64
52 44 28 64
53 44 28 64
54 44 28 64
55 44 28 64
56 44 28 64
57 44 28 64
58 44 28 64
59 44 28 64
60 44 28 64
61 44 28 64
62 44 28 64
63 44 28 64
64 44 28 64
65 44 28 64
