0 28 34 54
1 28 34 54
2 28 34 54
3 28 34 54
4 28 34 54
5 28 34 54
6 28 34 54
7 28 34 54
8 28 34 54
9 28 34 54
10 28 34 54
11 28 34 54
12 28 34 54
13 28 34 54
14 28 34 54
15 28 34 54
16 28 34 54
17 28 34 54
18 28 34 54
19 28 34 54
20 28 34 54
21 28 34 54
22 28 34 54
23 28 34 54
24 28 34 54
25 28 34 54
26 28 34 54
27 28 34 54
28 28 34 54
29 28 34 54
30 28 34 54
31 28 34 54
32 28 34 54
33 28 34 54
34 28 34 54
35 28 34 54
36 28 34 54
37 28 34 54
38 28 34 54
39 28 34 54
40 28 34 54
41 28 34 54
42 28 34 54
43 28 34 54
44 28 34 54
45 28 34 54
46 28 34 54
47 28 34 54
48 28 34 54
49 28 34 54
50 28 34 54
51 28 34 54
52 28 34 54
53 28 34 54
54 28 34 54
55 28 34 54
56 28 34 54
57 28 34 54
58 28 34 54
59 28 34 54
60 28 34 54
61 28 34 54
62 28 34 54
63 28 34 54
64 28 34 54
65 28 34 54
