0 39 21 88
1 39 21 88
2 39 21 88
3 39 21 88
4 39 21 88
5 39 21 88
6 39 21 88
7 39 21 88
8 39 21 88
9 39 21 88
10 39 21 88
11 39 21 88
12 39 21 88
13 39 21 88
14 39 21 88
15 39 21 88
16 39 21 88
17 39 21 88
18 39 21 88
19 39 21 88
20 39 21 88
21 39 21 88
22 39 21 88
23 39 21 88
24 39 21 88
25 39 21 88
26 39 21 88
27 39 21 88
28 39 21 88
29 39 21 88
30 39 21 88
31 39 21 88
32 39 21 88
33 39 21 88
34 39 21 88
35 39 21 88
36 39 21 88
37 39 21 88
38 39 21 88
39 39 21 88
40 39 21 88
41 39 21 88
42 39 21 88
43 39 21 88
44 39 21 88
45 39 21 88
46 39 21 88
47 39 21 88
48 39 21 88
49 39 21 88
50 39 21 88
51 39 21 88
52 39 21 88
53 39 21 88
54 39 21 88
55 39 21 88
56 39 21 88
57 39 21 88
58 39 21 88
59 39 21 88
60 39 21 88
61 39 21 88
62 39 21 88
63 39 21 88
64 39 21 88
65 39 21 88
