0 30 19 58
1 30 19 58
2 30 19 58
3 30 19 58
4 30 19 58
5 30 19 58
6 30 19 58
7 30 19 58
8 30 19 58
9 30 19 58
10 30 19 58
11 30 19 58
12 30 19 58
13 30 19 58
14 30 19 58
15 30 19 58
16 30 19 58
17 30 19 58
18 30 19 58
19 30 19 58
20 30 19 58
21 30 19 58
22 30 19 58
23 30 19 58
24 30 19 58
25 30 19 58
26 30 19 58
27 30 19 58
28 30 19 58
29 30 19 58
30 30 19 58
31 30 19 58
32 30 19 58
33 30 19 58
34 30 19 58
35 30 19 58
36 30 19 58
37 30 19 58
38 30 19 58
39 30 19 58
40 30 19 58
41 30 19 58
42 30 19 58
43 30 19 58
44 30 19 58
45 30 19 58
46 30 19 58
47 30 19 58
48 30 19 58
49 30 19 58
50 30 19 58
51 30 19 58
52 30 19 58
53 30 19 58
54 30 19 58
55 30 19 58
56 30 19 58
57 30 19 58
58 30 19 58
59 30 19 58
60 30 19 58
61 30 19 58
62 30 19 58
63 30 19 58
64 30 19 58
65 30 19 58
