0 6 33 4
1 6 33 4
2 6 33 4
3 6 33 4
4 6 33 4
5 6 33 4
6 6 33 4
7 6 33 4
8 6 33 4
9 6 33 4
10 6 33 4
11 6 33 4
12 6 33 4
13 6 33 4
14 6 33 4
15 6 33 4
16 6 33 4
17 6 33 4
18 6 33 4
19 6 33 4
20 6 33 4
21 6 33 4
22 6 33 4
23 6 33 4
24 6 33 4
25 6 33 4
26 6 33 4
27 6 33 4
28 6 33 4
29 6 33 4
30 6 33 4
31 6 33 4
32 6 33 4
33 6 33 4
34 6 33 4
35 6 33 4
36 6 33 4
37 6 33 4
38 6 33 4
39 6 33 4
40 6 33 4
41 6 33 4
42 6 33 4
43 6 33 4
44 6 33 4
45 6 33 4
46 6 33 4
47 6 33 4
48 6 33 4
49 6 33 4
50 6 33 4
51 6 33 4
52 6 33 4
53 6 33 4
54 6 33 4
55 6 33 4
56 6 33 4
57 6 33 4
58 6 33 4
59 6 33 4
60 6 33 4
61 6 33 4
62 6 33 4
63 6 33 4
64 6 33 4
65 6 33 4
