0 33 49 4
1 33 49 4
2 33 49 4
3 33 49 4
4 33 49 4
5 33 49 4
6 33 49 4
7 33 49 4
8 33 49 4
9 33 49 4
10 33 49 4
11 33 49 4
12 33 49 4
13 33 49 4
14 33 49 4
15 33 49 4
16 33 49 4
17 33 49 4
18 33 49 4
19 33 49 4
20 33 49 4
21 33 49 4
22 33 49 4
23 33 49 4
24 33 49 4
25 33 49 4
26 33 49 4
27 33 49 4
28 33 49 4
29 33 49 4
30 33 49 4
31 33 49 4
32 33 49 4
33 33 49 4
34 33 49 4
35 33 49 4
36 33 49 4
37 33 49 4
38 33 49 4
39 33 49 4
40 33 49 4
41 33 49 4
42 33 49 4
43 33 49 4
44 33 49 4
45 33 49 4
46 33 49 4
47 33 49 4
48 33 49 4
49 33 49 4
50 33 49 4
51 33 49 4
52 33 49 4
53 33 49 4
54 33 49 4
55 33 49 4
56 33 49 4
57 33 49 4
58 33 49 4
59 33 49 4
60 33 49 4
61 33 49 4
62 33 49 4
63 33 49 4
64 33 49 4
65 33 49 4
