0 39 25 61
1 39 25 61
2 39 25 61
3 39 25 61
4 39 25 61
5 39 25 61
6 39 25 61
7 39 25 61
8 39 25 61
9 39 25 61
10 39 25 61
11 39 25 61
12 39 25 61
13 39 25 61
14 39 25 61
15 39 25 61
16 39 25 61
17 39 25 61
18 39 25 61
19 39 25 61
20 39 25 61
21 39 25 61
22 39 25 61
23 39 25 61
24 39 25 61
25 39 25 61
26 39 25 61
27 39 25 61
28 39 25 61
29 39 25 61
30 39 25 61
31 39 25 61
32 39 25 61
33 39 25 61
34 39 25 61
35 39 25 61
36 39 25 61
37 39 25 61
38 39 25 61
39 39 25 61
40 39 25 61
41 39 25 61
42 39 25 61
43 39 25 61
44 39 25 61
45 39 25 61
46 39 25 61
47 39 25 61
48 39 25 61
49 39 25 61
50 39 25 61
51 39 25 61
52 39 25 61
53 39 25 61
54 39 25 61
55 39 25 61
56 39 25 61
57 39 25 61
58 39 25 61
59 39 25 61
60 39 25 61
61 39 25 61
62 39 25 61
63 39 25 61
64 39 25 61
65 39 25 61
