0 28 19 43
1 28 19 43
2 28 19 43
3 28 19 43
4 28 19 43
5 28 19 43
6 28 19 43
7 28 19 43
8 28 19 43
9 28 19 43
10 28 19 43
11 28 19 43
12 28 19 43
13 28 19 43
14 28 19 43
15 28 19 43
16 28 19 43
17 28 19 43
18 28 19 43
19 28 19 43
20 28 19 43
21 28 19 43
22 28 19 43
23 28 19 43
24 28 19 43
25 28 19 43
26 28 19 43
27 28 19 43
28 28 19 43
29 28 19 43
30 28 19 43
31 28 19 43
32 28 19 43
33 28 19 43
34 28 19 43
35 28 19 43
36 28 19 43
37 28 19 43
38 28 19 43
39 28 19 43
40 28 19 43
41 28 19 43
42 28 19 43
43 28 19 43
44 28 19 43
45 28 19 43
46 28 19 43
47 28 19 43
48 28 19 43
49 28 19 43
50 28 19 43
51 28 19 43
52 28 19 43
53 28 19 43
54 28 19 43
55 28 19 43
56 28 19 43
57 28 19 43
58 28 19 43
59 28 19 43
60 28 19 43
61 28 19 43
62 28 19 43
63 28 19 43
64 28 19 43
65 28 19 43
