0 24 14 86
1 24 14 86
2 24 14 86
3 24 14 86
4 24 14 86
5 24 14 86
6 24 14 86
7 24 14 86
8 24 14 86
9 24 14 86
10 24 14 86
11 24 14 86
12 24 14 86
13 24 14 86
14 24 14 86
15 24 14 86
16 24 14 86
17 24 14 86
18 24 14 86
19 24 14 86
20 24 14 86
21 24 14 86
22 24 14 86
23 24 14 86
24 24 14 86
25 24 14 86
26 24 14 86
27 24 14 86
28 24 14 86
29 24 14 86
30 24 14 86
31 24 14 86
32 24 14 86
33 24 14 86
34 24 14 86
35 24 14 86
36 24 14 86
37 24 14 86
38 24 14 86
39 24 14 86
40 24 14 86
41 24 14 86
42 24 14 86
43 24 14 86
44 24 14 86
45 24 14 86
46 24 14 86
47 24 14 86
48 24 14 86
49 24 14 86
50 24 14 86
51 24 14 86
52 24 14 86
53 24 14 86
54 24 14 86
55 24 14 86
56 24 14 86
57 24 14 86
58 24 14 86
59 24 14 86
60 24 14 86
61 24 14 86
62 24 14 86
63 24 14 86
64 24 14 86
65 24 14 86
