0 19 31 3
1 19 31 3
2 19 31 3
3 19 31 3
4 19 31 3
5 19 31 3
6 19 31 3
7 19 31 3
8 19 31 3
9 19 31 3
10 19 31 3
11 19 31 3
12 19 31 3
13 19 31 3
14 19 31 3
15 19 31 3
16 19 31 3
17 19 31 3
18 19 31 3
19 19 31 3
20 19 31 3
21 19 31 3
22 19 31 3
23 19 31 3
24 19 31 3
25 19 31 3
26 19 31 3
27 19 31 3
28 19 31 3
29 19 31 3
30 19 31 3
31 19 31 3
32 19 31 3
33 19 31 3
34 19 31 3
35 19 31 3
36 19 31 3
37 19 31 3
38 19 31 3
39 19 31 3
40 19 31 3
41 19 31 3
42 19 31 3
43 19 31 3
44 19 31 3
45 19 31 3
46 19 31 3
47 19 31 3
48 19 31 3
49 19 31 3
50 19 31 3
51 19 31 3
52 19 31 3
53 19 31 3
54 19 31 3
55 19 31 3
56 19 31 3
57 19 31 3
58 19 31 3
59 19 31 3
60 19 31 3
61 19 31 3
62 19 31 3
63 19 31 3
64 19 31 3
65 19 31 3
