0 24 14 78
1 24 14 78
2 24 14 78
3 24 14 78
4 24 14 78
5 24 14 78
6 24 14 78
7 24 14 78
8 24 14 78
9 24 14 78
10 24 14 78
11 24 14 78
12 24 14 78
13 24 14 78
14 24 14 78
15 24 14 78
16 24 14 78
17 24 14 78
18 24 14 78
19 24 14 78
20 24 14 78
21 24 14 78
22 24 14 78
23 24 14 78
24 24 14 78
25 24 14 78
26 24 14 78
27 24 14 78
28 24 14 78
29 24 14 78
30 24 14 78
31 24 14 78
32 24 14 78
33 24 14 78
34 24 14 78
35 24 14 78
36 24 14 78
37 24 14 78
38 24 14 78
39 24 14 78
40 24 14 78
41 24 14 78
42 24 14 78
43 24 14 78
44 24 14 78
45 24 14 78
46 24 14 78
47 24 14 78
48 24 14 78
49 24 14 78
50 24 14 78
51 24 14 78
52 24 14 78
53 24 14 78
54 24 14 78
55 24 14 78
56 24 14 78
57 24 14 78
58 24 14 78
59 24 14 78
60 24 14 78
61 24 14 78
62 24 14 78
63 24 14 78
64 24 14 78
65 24 14 78
