0 9 17 18
1 9 17 18
2 9 17 18
3 9 17 18
4 9 17 18
5 9 17 18
6 9 17 18
7 9 17 18
8 9 17 18
9 9 17 18
10 9 17 18
11 9 17 18
12 9 17 18
13 9 17 18
14 9 17 18
15 9 17 18
16 9 17 18
17 9 17 18
18 9 17 18
19 9 17 18
20 9 17 18
21 9 17 18
22 9 17 18
23 9 17 18
24 9 17 18
25 9 17 18
26 9 17 18
27 9 17 18
28 9 17 18
29 9 17 18
30 9 17 18
31 9 17 18
32 9 17 18
33 9 17 18
34 9 17 18
35 9 17 18
36 9 17 18
37 9 17 18
38 9 17 18
39 9 17 18
40 9 17 18
41 9 17 18
42 9 17 18
43 9 17 18
44 9 17 18
45 9 17 18
46 9 17 18
47 9 17 18
48 9 17 18
49 9 17 18
50 9 17 18
51 9 17 18
52 9 17 18
53 9 17 18
54 9 17 18
55 9 17 18
56 9 17 18
57 9 17 18
58 9 17 18
59 9 17 18
60 9 17 18
61 9 17 18
62 9 17 18
63 9 17 18
64 9 17 18
65 9 17 18
