0 21 21 68
1 21 21 68
2 21 21 68
3 21 21 68
4 21 21 68
5 21 21 68
6 21 21 68
7 21 21 68
8 21 21 68
9 21 21 68
10 21 21 68
11 21 21 68
12 21 21 68
13 21 21 68
14 21 21 68
15 21 21 68
16 21 21 68
17 21 21 68
18 21 21 68
19 21 21 68
20 21 21 68
21 21 21 68
22 21 21 68
23 21 21 68
24 21 21 68
25 21 21 68
26 21 21 68
27 21 21 68
28 21 21 68
29 21 21 68
30 21 21 68
31 21 21 68
32 21 21 68
33 21 21 68
34 21 21 68
35 21 21 68
36 21 21 68
37 21 21 68
38 21 21 68
39 21 21 68
40 21 21 68
41 21 21 68
42 21 21 68
43 21 21 68
44 21 21 68
45 21 21 68
46 21 21 68
47 21 21 68
48 21 21 68
49 21 21 68
50 21 21 68
51 21 21 68
52 21 21 68
53 21 21 68
54 21 21 68
55 21 21 68
56 21 21 68
57 21 21 68
58 21 21 68
59 21 21 68
60 21 21 68
61 21 21 68
62 21 21 68
63 21 21 68
64 21 21 68
65 21 21 68
