0 41 28 66
1 41 28 66
2 41 28 66
3 41 28 66
4 41 28 66
5 41 28 66
6 41 28 66
7 41 28 66
8 41 28 66
9 41 28 66
10 41 28 66
11 41 28 66
12 41 28 66
13 41 28 66
14 41 28 66
15 41 28 66
16 41 28 66
17 41 28 66
18 41 28 66
19 41 28 66
20 41 28 66
21 41 28 66
22 41 28 66
23 41 28 66
24 41 28 66
25 41 28 66
26 41 28 66
27 41 28 66
28 41 28 66
29 41 28 66
30 41 28 66
31 41 28 66
32 41 28 66
33 41 28 66
34 41 28 66
35 41 28 66
36 41 28 66
37 41 28 66
38 41 28 66
39 41 28 66
40 41 28 66
41 41 28 66
42 41 28 66
43 41 28 66
44 41 28 66
45 41 28 66
46 41 28 66
47 41 28 66
48 41 28 66
49 41 28 66
50 41 28 66
51 41 28 66
52 41 28 66
53 41 28 66
54 41 28 66
55 41 28 66
56 41 28 66
57 41 28 66
58 41 28 66
59 41 28 66
60 41 28 66
61 41 28 66
62 41 28 66
63 41 28 66
64 41 28 66
65 41 28 66
