0 14 31 78
1 14 31 78
2 14 31 78
3 14 31 78
4 14 31 78
5 14 31 78
6 14 31 78
7 14 31 78
8 14 31 78
9 14 31 78
10 14 31 78
11 14 31 78
12 14 31 78
13 14 31 78
14 14 31 78
15 14 31 78
16 14 31 78
17 14 31 78
18 14 31 78
19 14 31 78
20 14 31 78
21 14 31 78
22 14 31 78
23 14 31 78
24 14 31 78
25 14 31 78
26 14 31 78
27 14 31 78
28 14 31 78
29 14 31 78
30 14 31 78
31 14 31 78
32 14 31 78
33 14 31 78
34 14 31 78
35 14 31 78
36 14 31 78
37 14 31 78
38 14 31 78
39 14 31 78
40 14 31 78
41 14 31 78
42 14 31 78
43 14 31 78
44 14 31 78
45 14 31 78
46 14 31 78
47 14 31 78
48 14 31 78
49 14 31 78
50 14 31 78
51 14 31 78
52 14 31 78
53 14 31 78
54 14 31 78
55 14 31 78
56 14 31 78
57 14 31 78
58 14 31 78
59 14 31 78
60 14 31 78
61 14 31 78
62 14 31 78
63 14 31 78
64 14 31 78
65 14 31 78
