0.0 18.90 72.18 7.53
1.0 19.47 73.23 7.09
2.0 19.35 70.45 6.45
3.0 23.45 66.07 6.12
4.0 23.79 69.75 6.98
5.0 20.87 69.12 8.36
6.0 16.11 65.77 7.95
7.0 11.54 62.40 6.09
8.0 11.14 66.53 4.56
9.0 14.90 68.82 4.11
10.0 16.88 72.61 5.05
11.0 12.47 74.11 4.29
12.0 8.29 76.94 4.65
13.0 11.92 80.97 3.19
14.0 7.62 85.46 2.25
15.0 3.03 90.33 3.76
16.0 4.00 93.58 1.90
17.0 1.49 95.06 0.49
18.0 1.16 99.20 0.00
19.0 0.00 99.25 0.00
20.0 0.00 99.43 0.66
21.0 0.00 100.00 2.04
22.0 4.69 100.00 0.62
23.0 8.03 98.39 0.00
24.0 6.02 99.36 0.00
25.0 1.31 94.50 0.00
26.0 3.43 94.79 1.70
27.0 1.02 95.80 1.53
28.0 3.87 91.99 3.48
29.0 0.82 91.57 2.28
30.0 3.31 94.83 1.83
31.0 0.00 89.92 3.72
32.0 0.00 92.78 2.09
33.0 0.00 97.44 0.14
34.0 1.38 93.10 0.30
35.0 3.43 89.18 0.04
36.0 1.28 88.32 1.04
37.0 0.00 93.11 2.26
38.0 2.84 92.03 0.54
39.0 5.93 87.81 0.00
40.0 7.07 87.97 1.61
41.0 3.96 92.06 3.08
42.0 7.94 94.43 1.60
43.0 8.53 98.47 3.18
44.0 6.71 96.84 3.32
45.0 8.76 100.00 3.98
46.0 13.25 100.00 5.32
47.0 8.50 100.00 4.29
48.0 5.43 97.74 4.25
49.0 5.79 97.86 4.29
50.0 4.98 100.00 2.81
51.0 8.88 95.97 2.99
52.0 12.03 98.99 3.33
53.0 11.48 98.67 4.28
54.0 13.58 98.03 4.73
55.0 16.83 98.09 6.72
56.0 17.32 100.00 7.03
57.0 21.10 96.50 8.46
58.0 23.99 95.48 10.03
59.0 26.53 100.00 11.06
60.0 30.27 100.00 12.49
