0 39 16 83
1 39 16 83
2 39 16 83
3 39 16 83
4 39 16 83
5 39 16 83
6 39 16 83
7 39 16 83
8 39 16 83
9 39 16 83
10 39 16 83
11 39 16 83
12 39 16 83
13 39 16 83
14 39 16 83
15 39 16 83
16 39 16 83
17 39 16 83
18 39 16 83
19 39 16 83
20 39 16 83
21 39 16 83
22 39 16 83
23 39 16 83
24 39 16 83
25 39 16 83
26 39 16 83
27 39 16 83
28 39 16 83
29 39 16 83
30 39 16 83
31 39 16 83
32 39 16 83
33 39 16 83
34 39 16 83
35 39 16 83
36 39 16 83
37 39 16 83
38 39 16 83
39 39 16 83
40 39 16 83
41 39 16 83
42 39 16 83
43 39 16 83
44 39 16 83
45 39 16 83
46 39 16 83
47 39 16 83
48 39 16 83
49 39 16 83
50 39 16 83
51 39 16 83
52 39 16 83
53 39 16 83
54 39 16 83
55 39 16 83
56 39 16 83
57 39 16 83
58 39 16 83
59 39 16 83
60 39 16 83
61 39 16 83
62 39 16 83
63 39 16 83
64 39 16 83
65 39 16 83
