0 31 17 74
1 31 17 74
2 31 17 74
3 31 17 74
4 31 17 74
5 31 17 74
6 31 17 74
7 31 17 74
8 31 17 74
9 31 17 74
10 31 17 74
11 31 17 74
12 31 17 74
13 31 17 74
14 31 17 74
15 31 17 74
16 31 17 74
17 31 17 74
18 31 17 74
19 31 17 74
20 31 17 74
21 31 17 74
22 31 17 74
23 31 17 74
24 31 17 74
25 31 17 74
26 31 17 74
27 31 17 74
28 31 17 74
29 31 17 74
30 31 17 74
31 31 17 74
32 31 17 74
33 31 17 74
34 31 17 74
35 31 17 74
36 31 17 74
37 31 17 74
38 31 17 74
39 31 17 74
40 31 17 74
41 31 17 74
42 31 17 74
43 31 17 74
44 31 17 74
45 31 17 74
46 31 17 74
47 31 17 74
48 31 17 74
49 31 17 74
50 31 17 74
51 31 17 74
52 31 17 74
53 31 17 74
54 31 17 74
55 31 17 74
56 31 17 74
57 31 17 74
58 31 17 74
59 31 17 74
60 31 17 74
61 31 17 74
62 31 17 74
63 31 17 74
64 31 17 74
65 31 17 74
