0.0 89.11 29.36 10.76
1.0 89.17 26.96 10.95
2.0 91.55 25.69 11.99
3.0 92.40 30.14 11.45
4.0 92.92 27.14 10.09
5.0 91.89 31.38 9.74
6.0 94.22 34.90 10.58
7.0 93.78 35.40 8.95
8.0 97.69 33.80 7.43
9.0 94.31 38.33 8.87
10.0 92.27 36.11 8.80
11.0 95.17 40.75 6.94
12.0 97.92 35.98 6.56
13.0 93.24 39.36 6.99
14.0 88.40 43.29 7.74
15.0 91.64 42.26 9.49
16.0 88.68 46.36 10.53
17.0 85.30 41.85 12.49
18.0 86.81 37.20 11.71
19.0 82.96 33.72 12.36
20.0 87.93 38.32 11.69
21.0 89.52 35.71 13.12
22.0 87.14 36.70 14.80
23.0 88.33 37.29 16.14
24.0 90.57 35.65 17.89
25.0 87.57 38.80 18.85
26.0 86.87 42.11 19.18
27.0 83.84 45.74 20.00
28.0 83.60 45.18 19.69
29.0 79.05 47.25 17.88
30.0 81.47 44.45 16.07
31.0 82.52 47.56 17.23
32.0 80.76 47.58 17.54
33.0 79.50 52.23 16.38
34.0 76.89 55.71 18.29
35.0 79.87 57.02 20.00
36.0 79.23 58.80 19.51
37.0 79.94 61.90 20.00
38.0 81.10 59.17 20.00
39.0 81.70 60.20 18.60
40.0 85.54 58.24 18.44
41.0 82.62 58.81 17.74
42.0 79.06 62.58 19.48
43.0 79.66 61.56 18.00
44.0 80.14 61.81 18.21
45.0 84.98 63.37 16.34
46.0 88.24 59.49 15.34
47.0 85.73 61.84 15.69
48.0 86.50 65.46 15.96
49.0 90.79 68.84 16.01
50.0 88.67 64.81 15.99
51.0 93.66 66.68 17.28
52.0 94.61 67.80 18.60
53.0 91.72 68.50 18.77
54.0 87.84 70.70 18.91
55.0 87.09 66.70 18.95
56.0 82.15 67.49 17.51
57.0 80.07 64.79 19.37
58.0 77.04 69.41 19.01
59.0 73.56 64.63 20.00
60.0 68.77 60.45 19.90
