0 31 12 31
1 31 12 31
2 31 12 31
3 31 12 31
4 31 12 31
5 31 12 31
6 31 12 31
7 31 12 31
8 31 12 31
9 31 12 31
10 31 12 31
11 31 12 31
12 31 12 31
13 31 12 31
14 31 12 31
15 31 12 31
16 31 12 31
17 31 12 31
18 31 12 31
19 31 12 31
20 31 12 31
21 31 12 31
22 31 12 31
23 31 12 31
24 31 12 31
25 31 12 31
26 31 12 31
27 31 12 31
28 31 12 31
29 31 12 31
30 31 12 31
31 31 12 31
32 31 12 31
33 31 12 31
34 31 12 31
35 31 12 31
36 31 12 31
37 31 12 31
38 31 12 31
39 31 12 31
40 31 12 31
41 31 12 31
42 31 12 31
43 31 12 31
44 31 12 31
45 31 12 31
46 31 12 31
47 31 12 31
48 31 12 31
49 31 12 31
50 31 12 31
51 31 12 31
52 31 12 31
53 31 12 31
54 31 12 31
55 31 12 31
56 31 12 31
57 31 12 31
58 31 12 31
59 31 12 31
60 31 12 31
61 31 12 31
62 31 12 31
63 31 12 31
64 31 12 31
65 31 12 31
