0 32 19 35
1 32 19 35
2 32 19 35
3 32 19 35
4 32 19 35
5 32 19 35
6 32 19 35
7 32 19 35
8 32 19 35
9 32 19 35
10 32 19 35
11 32 19 35
12 32 19 35
13 32 19 35
14 32 19 35
15 32 19 35
16 32 19 35
17 32 19 35
18 32 19 35
19 32 19 35
20 32 19 35
21 32 19 35
22 32 19 35
23 32 19 35
24 32 19 35
25 32 19 35
26 32 19 35
27 32 19 35
28 32 19 35
29 32 19 35
30 32 19 35
31 32 19 35
32 32 19 35
33 32 19 35
34 32 19 35
35 32 19 35
36 32 19 35
37 32 19 35
38 32 19 35
39 32 19 35
40 32 19 35
41 32 19 35
42 32 19 35
43 32 19 35
44 32 19 35
45 32 19 35
46 32 19 35
47 32 19 35
48 32 19 35
49 32 19 35
50 32 19 35
51 32 19 35
52 32 19 35
53 32 19 35
54 32 19 35
55 32 19 35
56 32 19 35
57 32 19 35
58 32 19 35
59 32 19 35
60 32 19 35
61 32 19 35
62 32 19 35
63 32 19 35
64 32 19 35
65 32 19 35
