0 16 16 83
1 16 16 83
2 16 16 83
3 16 16 83
4 16 16 83
5 16 16 83
6 16 16 83
7 16 16 83
8 16 16 83
9 16 16 83
10 16 16 83
11 16 16 83
12 16 16 83
13 16 16 83
14 16 16 83
15 16 16 83
16 16 16 83
17 16 16 83
18 16 16 83
19 16 16 83
20 16 16 83
21 16 16 83
22 16 16 83
23 16 16 83
24 16 16 83
25 16 16 83
26 16 16 83
27 16 16 83
28 16 16 83
29 16 16 83
30 16 16 83
31 16 16 83
32 16 16 83
33 16 16 83
34 16 16 83
35 16 16 83
36 16 16 83
37 16 16 83
38 16 16 83
39 16 16 83
40 16 16 83
41 16 16 83
42 16 16 83
43 16 16 83
44 16 16 83
45 16 16 83
46 16 16 83
47 16 16 83
48 16 16 83
49 16 16 83
50 16 16 83
51 16 16 83
52 16 16 83
53 16 16 83
54 16 16 83
55 16 16 83
56 16 16 83
57 16 16 83
58 16 16 83
59 16 16 83
60 16 16 83
61 16 16 83
62 16 16 83
63 16 16 83
64 16 16 83
65 16 16 83
