0 10 45 11
1 10 45 11
2 10 45 11
3 10 45 11
4 10 45 11
5 10 45 11
6 10 45 11
7 10 45 11
8 10 45 11
9 10 45 11
10 10 45 11
11 10 45 11
12 10 45 11
13 10 45 11
14 10 45 11
15 10 45 11
16 10 45 11
17 10 45 11
18 10 45 11
19 10 45 11
20 10 45 11
21 10 45 11
22 10 45 11
23 10 45 11
24 10 45 11
25 10 45 11
26 10 45 11
27 10 45 11
28 10 45 11
29 10 45 11
30 10 45 11
31 10 45 11
32 10 45 11
33 10 45 11
34 10 45 11
35 10 45 11
36 10 45 11
37 10 45 11
38 10 45 11
39 10 45 11
40 10 45 11
41 10 45 11
42 10 45 11
43 10 45 11
44 10 45 11
45 10 45 11
46 10 45 11
47 10 45 11
48 10 45 11
49 10 45 11
50 10 45 11
51 10 45 11
52 10 45 11
53 10 45 11
54 10 45 11
55 10 45 11
56 10 45 11
57 10 45 11
58 10 45 11
59 10 45 11
60 10 45 11
61 10 45 11
62 10 45 11
63 10 45 11
64 10 45 11
65 10 45 11
