0 22 33 95
1 22 33 95
2 22 33 95
3 22 33 95
4 22 33 95
5 22 33 95
6 22 33 95
7 22 33 95
8 22 33 95
9 22 33 95
10 22 33 95
11 22 33 95
12 22 33 95
13 22 33 95
14 22 33 95
15 22 33 95
16 22 33 95
17 22 33 95
18 22 33 95
19 22 33 95
20 22 33 95
21 22 33 95
22 22 33 95
23 22 33 95
24 22 33 95
25 22 33 95
26 22 33 95
27 22 33 95
28 22 33 95
29 22 33 95
30 22 33 95
31 22 33 95
32 22 33 95
33 22 33 95
34 22 33 95
35 22 33 95
36 22 33 95
37 22 33 95
38 22 33 95
39 22 33 95
40 22 33 95
41 22 33 95
42 22 33 95
43 22 33 95
44 22 33 95
45 22 33 95
46 22 33 95
47 22 33 95
48 22 33 95
49 22 33 95
50 22 33 95
51 22 33 95
52 22 33 95
53 22 33 95
54 22 33 95
55 22 33 95
56 22 33 95
57 22 33 95
58 22 33 95
59 22 33 95
60 22 33 95
61 22 33 95
62 22 33 95
63 22 33 95
64 22 33 95
65 22 33 95
