0 37 18 66
1 37 18 66
2 37 18 66
3 37 18 66
4 37 18 66
5 37 18 66
6 37 18 66
7 37 18 66
8 37 18 66
9 37 18 66
10 37 18 66
11 37 18 66
12 37 18 66
13 37 18 66
14 37 18 66
15 37 18 66
16 37 18 66
17 37 18 66
18 37 18 66
19 37 18 66
20 37 18 66
21 37 18 66
22 37 18 66
23 37 18 66
24 37 18 66
25 37 18 66
26 37 18 66
27 37 18 66
28 37 18 66
29 37 18 66
30 37 18 66
31 37 18 66
32 37 18 66
33 37 18 66
34 37 18 66
35 37 18 66
36 37 18 66
37 37 18 66
38 37 18 66
39 37 18 66
40 37 18 66
41 37 18 66
42 37 18 66
43 37 18 66
44 37 18 66
45 37 18 66
46 37 18 66
47 37 18 66
48 37 18 66
49 37 18 66
50 37 18 66
51 37 18 66
52 37 18 66
53 37 18 66
54 37 18 66
55 37 18 66
56 37 18 66
57 37 18 66
58 37 18 66
59 37 18 66
60 37 18 66
61 37 18 66
62 37 18 66
63 37 18 66
64 37 18 66
65 37 18 66
