0 18 10 3
1 18 10 3
2 18 10 3
3 18 10 3
4 18 10 3
5 18 10 3
6 18 10 3
7 18 10 3
8 18 10 3
9 18 10 3
10 18 10 3
11 18 10 3
12 18 10 3
13 18 10 3
14 18 10 3
15 18 10 3
16 18 10 3
17 18 10 3
18 18 10 3
19 18 10 3
20 18 10 3
21 18 10 3
22 18 10 3
23 18 10 3
24 18 10 3
25 18 10 3
26 18 10 3
27 18 10 3
28 18 10 3
29 18 10 3
30 18 10 3
31 18 10 3
32 18 10 3
33 18 10 3
34 18 10 3
35 18 10 3
36 18 10 3
37 18 10 3
38 18 10 3
39 18 10 3
40 18 10 3
41 18 10 3
42 18 10 3
43 18 10 3
44 18 10 3
45 18 10 3
46 18 10 3
47 18 10 3
48 18 10 3
49 18 10 3
50 18 10 3
51 18 10 3
52 18 10 3
53 18 10 3
54 18 10 3
55 18 10 3
56 18 10 3
57 18 10 3
58 18 10 3
59 18 10 3
60 18 10 3
61 18 10 3
62 18 10 3
63 18 10 3
64 18 10 3
65 18 10 3
