0 45 10 3
1 45 10 3
2 45 10 3
3 45 10 3
4 45 10 3
5 45 10 3
6 45 10 3
7 45 10 3
8 45 10 3
9 45 10 3
10 45 10 3
11 45 10 3
12 45 10 3
13 45 10 3
14 45 10 3
15 45 10 3
16 45 10 3
17 45 10 3
18 45 10 3
19 45 10 3
20 45 10 3
21 45 10 3
22 45 10 3
23 45 10 3
24 45 10 3
25 45 10 3
26 45 10 3
27 45 10 3
28 45 10 3
29 45 10 3
30 45 10 3
31 45 10 3
32 45 10 3
33 45 10 3
34 45 10 3
35 45 10 3
36 45 10 3
37 45 10 3
38 45 10 3
39 45 10 3
40 45 10 3
41 45 10 3
42 45 10 3
43 45 10 3
44 45 10 3
45 45 10 3
46 45 10 3
47 45 10 3
48 45 10 3
49 45 10 3
50 45 10 3
51 45 10 3
52 45 10 3
53 45 10 3
54 45 10 3
55 45 10 3
56 45 10 3
57 45 10 3
58 45 10 3
59 45 10 3
60 45 10 3
61 45 10 3
62 45 10 3
63 45 10 3
64 45 10 3
65 45 10 3
