0 35 39 88
1 35 39 88
2 35 39 88
3 35 39 88
4 35 39 88
5 35 39 88
6 35 39 88
7 35 39 88
8 35 39 88
9 35 39 88
10 35 39 88
11 35 39 88
12 35 39 88
13 35 39 88
14 35 39 88
15 35 39 88
16 35 39 88
17 35 39 88
18 35 39 88
19 35 39 88
20 35 39 88
21 35 39 88
22 35 39 88
23 35 39 88
24 35 39 88
25 35 39 88
26 35 39 88
27 35 39 88
28 35 39 88
29 35 39 88
30 35 39 88
31 35 39 88
32 35 39 88
33 35 39 88
34 35 39 88
35 35 39 88
36 35 39 88
37 35 39 88
38 35 39 88
39 35 39 88
40 35 39 88
41 35 39 88
42 35 39 88
43 35 39 88
44 35 39 88
45 35 39 88
46 35 39 88
47 35 39 88
48 35 39 88
49 35 39 88
50 35 39 88
51 35 39 88
52 35 39 88
53 35 39 88
54 35 39 88
55 35 39 88
56 35 39 88
57 35 39 88
58 35 39 88
59 35 39 88
60 35 39 88
61 35 39 88
62 35 39 88
63 35 39 88
64 35 39 88
65 35 39 88
