0 47 28 31
1 47 28 31
2 47 28 31
3 47 28 31
4 47 28 31
5 47 28 31
6 47 28 31
7 47 28 31
8 47 28 31
9 47 28 31
10 47 28 31
11 47 28 31
12 47 28 31
13 47 28 31
14 47 28 31
15 47 28 31
16 47 28 31
17 47 28 31
18 47 28 31
19 47 28 31
20 47 28 31
21 47 28 31
22 47 28 31
23 47 28 31
24 47 28 31
25 47 28 31
26 47 28 31
27 47 28 31
28 47 28 31
29 47 28 31
30 47 28 31
31 47 28 31
32 47 28 31
33 47 28 31
34 47 28 31
35 47 28 31
36 47 28 31
37 47 28 31
38 47 28 31
39 47 28 31
40 47 28 31
41 47 28 31
42 47 28 31
43 47 28 31
44 47 28 31
45 47 28 31
46 47 28 31
47 47 28 31
48 47 28 31
49 47 28 31
50 47 28 31
51 47 28 31
52 47 28 31
53 47 28 31
54 47 28 31
55 47 28 31
56 47 28 31
57 47 28 31
58 47 28 31
59 47 28 31
60 47 28 31
61 47 28 31
62 47 28 31
63 47 28 31
64 47 28 31
65 47 28 31
