0 41 14 31
1 41 14 31
2 41 14 31
3 41 14 31
4 41 14 31
5 41 14 31
6 41 14 31
7 41 14 31
8 41 14 31
9 41 14 31
10 41 14 31
11 41 14 31
12 41 14 31
13 41 14 31
14 41 14 31
15 41 14 31
16 41 14 31
17 41 14 31
18 41 14 31
19 41 14 31
20 41 14 31
21 41 14 31
22 41 14 31
23 41 14 31
24 41 14 31
25 41 14 31
26 41 14 31
27 41 14 31
28 41 14 31
29 41 14 31
30 41 14 31
31 41 14 31
32 41 14 31
33 41 14 31
34 41 14 31
35 41 14 31
36 41 14 31
37 41 14 31
38 41 14 31
39 41 14 31
40 41 14 31
41 41 14 31
42 41 14 31
43 41 14 31
44 41 14 31
45 41 14 31
46 41 14 31
47 41 14 31
48 41 14 31
49 41 14 31
50 41 14 31
51 41 14 31
52 41 14 31
53 41 14 31
54 41 14 31
55 41 14 31
56 41 14 31
57 41 14 31
58 41 14 31
59 41 14 31
60 41 14 31
61 41 14 31
62 41 14 31
63 41 14 31
64 41 14 31
65 41 14 31
