0 25 36 58
1 25 36 58
2 25 36 58
3 25 36 58
4 25 36 58
5 25 36 58
6 25 36 58
7 25 36 58
8 25 36 58
9 25 36 58
10 25 36 58
11 25 36 58
12 25 36 58
13 25 36 58
14 25 36 58
15 25 36 58
16 25 36 58
17 25 36 58
18 25 36 58
19 25 36 58
20 25 36 58
21 25 36 58
22 25 36 58
23 25 36 58
24 25 36 58
25 25 36 58
26 25 36 58
27 25 36 58
28 25 36 58
29 25 36 58
30 25 36 58
31 25 36 58
32 25 36 58
33 25 36 58
34 25 36 58
35 25 36 58
36 25 36 58
37 25 36 58
38 25 36 58
39 25 36 58
40 25 36 58
41 25 36 58
42 25 36 58
43 25 36 58
44 25 36 58
45 25 36 58
46 25 36 58
47 25 36 58
48 25 36 58
49 25 36 58
50 25 36 58
51 25 36 58
52 25 36 58
53 25 36 58
54 25 36 58
55 25 36 58
56 25 36 58
57 25 36 58
58 25 36 58
59 25 36 58
60 25 36 58
61 25 36 58
62 25 36 58
63 25 36 58
64 25 36 58
65 25 36 58
