0 43 28 3
1 43 28 3
2 43 28 3
3 43 28 3
4 43 28 3
5 43 28 3
6 43 28 3
7 43 28 3
8 43 28 3
9 43 28 3
10 43 28 3
11 43 28 3
12 43 28 3
13 43 28 3
14 43 28 3
15 43 28 3
16 43 28 3
17 43 28 3
18 43 28 3
19 43 28 3
20 43 28 3
21 43 28 3
22 43 28 3
23 43 28 3
24 43 28 3
25 43 28 3
26 43 28 3
27 43 28 3
28 43 28 3
29 43 28 3
30 43 28 3
31 43 28 3
32 43 28 3
33 43 28 3
34 43 28 3
35 43 28 3
36 43 28 3
37 43 28 3
38 43 28 3
39 43 28 3
40 43 28 3
41 43 28 3
42 43 28 3
43 43 28 3
44 43 28 3
45 43 28 3
46 43 28 3
47 43 28 3
48 43 28 3
49 43 28 3
50 43 28 3
51 43 28 3
52 43 28 3
53 43 28 3
54 43 28 3
55 43 28 3
56 43 28 3
57 43 28 3
58 43 28 3
59 43 28 3
60 43 28 3
61 43 28 3
62 43 28 3
63 43 28 3
64 43 28 3
65 43 28 3
