0 29 21 50
1 29 21 50
2 29 21 50
3 29 21 50
4 29 21 50
5 29 21 50
6 29 21 50
7 29 21 50
8 29 21 50
9 29 21 50
10 29 21 50
11 29 21 50
12 29 21 50
13 29 21 50
14 29 21 50
15 29 21 50
16 29 21 50
17 29 21 50
18 29 21 50
19 29 21 50
20 29 21 50
21 29 21 50
22 29 21 50
23 29 21 50
24 29 21 50
25 29 21 50
26 29 21 50
27 29 21 50
28 29 21 50
29 29 21 50
30 29 21 50
31 29 21 50
32 29 21 50
33 29 21 50
34 29 21 50
35 29 21 50
36 29 21 50
37 29 21 50
38 29 21 50
39 29 21 50
40 29 21 50
41 29 21 50
42 29 21 50
43 29 21 50
44 29 21 50
45 29 21 50
46 29 21 50
47 29 21 50
48 29 21 50
49 29 21 50
50 29 21 50
51 29 21 50
52 29 21 50
53 29 21 50
54 29 21 50
55 29 21 50
56 29 21 50
57 29 21 50
58 29 21 50
59 29 21 50
60 29 21 50
61 29 21 50
62 29 21 50
63 29 21 50
64 29 21 50
65 29 21 50
