0 15 24 63
1 15 24 63
2 15 24 63
3 15 24 63
4 15 24 63
5 15 24 63
6 15 24 63
7 15 24 63
8 15 24 63
9 15 24 63
10 15 24 63
11 15 24 63
12 15 24 63
13 15 24 63
14 15 24 63
15 15 24 63
16 15 24 63
17 15 24 63
18 15 24 63
19 15 24 63
20 15 24 63
21 15 24 63
22 15 24 63
23 15 24 63
24 15 24 63
25 15 24 63
26 15 24 63
27 15 24 63
28 15 24 63
29 15 24 63
30 15 24 63
31 15 24 63
32 15 24 63
33 15 24 63
34 15 24 63
35 15 24 63
36 15 24 63
37 15 24 63
38 15 24 63
39 15 24 63
40 15 24 63
41 15 24 63
42 15 24 63
43 15 24 63
44 15 24 63
45 15 24 63
46 15 24 63
47 15 24 63
48 15 24 63
49 15 24 63
50 15 24 63
51 15 24 63
52 15 24 63
53 15 24 63
54 15 24 63
55 15 24 63
56 15 24 63
57 15 24 63
58 15 24 63
59 15 24 63
60 15 24 63
61 15 24 63
62 15 24 63
63 15 24 63
64 15 24 63
65 15 24 63
