0 31 41 31
1 31 41 31
2 31 41 31
3 31 41 31
4 31 41 31
5 31 41 31
6 31 41 31
7 31 41 31
8 31 41 31
9 31 41 31
10 31 41 31
11 31 41 31
12 31 41 31
13 31 41 31
14 31 41 31
15 31 41 31
16 31 41 31
17 31 41 31
18 31 41 31
19 31 41 31
20 31 41 31
21 31 41 31
22 31 41 31
23 31 41 31
24 31 41 31
25 31 41 31
26 31 41 31
27 31 41 31
28 31 41 31
29 31 41 31
30 31 41 31
31 31 41 31
32 31 41 31
33 31 41 31
34 31 41 31
35 31 41 31
36 31 41 31
37 31 41 31
38 31 41 31
39 31 41 31
40 31 41 31
41 31 41 31
42 31 41 31
43 31 41 31
44 31 41 31
45 31 41 31
46 31 41 31
47 31 41 31
48 31 41 31
49 31 41 31
50 31 41 31
51 31 41 31
52 31 41 31
53 31 41 31
54 31 41 31
55 31 41 31
56 31 41 31
57 31 41 31
58 31 41 31
59 31 41 31
60 31 41 31
61 31 41 31
62 31 41 31
63 31 41 31
64 31 41 31
65 31 41 31
