0.0 42.31 49.18 1.25
1.0 42.16 47.21 3.13
2.0 38.84 44.80 1.33
3.0 42.66 44.39 0.75
4.0 43.79 41.33 2.12
5.0 39.36 37.40 1.65
6.0 42.28 42.21 1.02
7.0 44.33 39.63 2.61
8.0 40.43 42.96 1.13
9.0 36.60 39.72 0.38
10.0 39.95 38.10 0.23
11.0 36.25 38.46 0.00
12.0 32.73 40.92 0.92
13.0 35.73 37.11 1.90
14.0 38.72 35.39 0.64
15.0 42.63 30.97 0.83
16.0 42.02 35.19 0.00
17.0 43.46 38.17 1.85
18.0 44.24 33.89 2.90
19.0 47.64 30.45 2.82
20.0 45.52 26.21 3.87
21.0 46.20 26.35 4.98
22.0 42.49 31.23 4.64
23.0 40.55 26.97 5.82
24.0 37.15 28.95 7.45
25.0 32.82 24.63 8.23
26.0 31.54 28.28 9.17
27.0 29.45 29.13 10.64
28.0 27.31 33.91 12.42
29.0 31.72 32.12 12.79
30.0 34.20 29.53 12.81
31.0 34.53 29.34 11.04
32.0 34.99 32.67 10.15
33.0 37.79 30.70 9.57
34.0 34.73 30.76 8.09
35.0 32.97 31.83 6.53
36.0 34.75 30.39 6.37
37.0 36.90 29.13 7.06
38.0 32.78 27.75 5.64
39.0 33.02 29.58 6.44
40.0 33.72 30.49 6.53
41.0 29.77 35.38 7.25
42.0 34.38 36.41 8.88
43.0 30.60 39.68 8.57
44.0 27.32 35.98 9.11
45.0 24.84 36.64 8.01
46.0 20.90 39.78 7.60
47.0 22.75 40.56 6.37
48.0 23.73 42.78 6.24
49.0 19.75 46.14 6.50
50.0 21.42 49.32 4.60
51.0 17.03 54.03 3.33
52.0 21.53 49.84 2.78
53.0 17.05 51.16 4.63
54.0 17.81 53.33 4.44
55.0 21.21 51.60 3.12
56.0 16.61 46.63 4.47
57.0 17.85 46.21 5.86
58.0 16.11 45.95 5.51
59.0 15.35 41.91 5.18
60.0 17.51 40.62 3.48
