0.0 47.09 88.47 1.78
1.0 51.90 90.82 3.60
2.0 52.95 95.74 2.11
3.0 47.96 99.00 0.31
4.0 51.80 97.62 0.00
5.0 55.69 100.00 1.92
6.0 55.46 97.10 0.60
7.0 55.55 94.84 0.00
8.0 58.31 92.91 0.00
9.0 54.81 92.50 0.00
10.0 58.42 96.56 0.00
11.0 63.35 95.69 0.52
12.0 64.25 100.00 0.00
13.0 63.70 100.00 1.55
14.0 61.99 100.00 0.73
15.0 65.26 100.00 0.00
16.0 60.88 100.00 1.56
17.0 58.10 96.23 3.44
18.0 57.31 97.65 4.07
19.0 59.03 95.71 5.09
20.0 59.27 95.35 3.25
21.0 58.85 91.70 2.52
22.0 62.12 96.38 3.19
23.0 66.71 99.21 5.19
24.0 62.92 98.52 5.23
25.0 63.66 95.89 6.31
26.0 62.41 97.46 5.66
27.0 64.43 95.08 4.88
28.0 60.30 98.03 4.85
29.0 64.82 94.75 5.62
30.0 60.85 94.57 6.15
31.0 57.33 94.61 6.20
32.0 58.14 90.32 5.16
33.0 62.29 90.83 6.38
34.0 59.93 92.19 5.04
35.0 64.62 96.70 3.62
36.0 61.32 100.00 5.55
37.0 60.08 100.00 5.79
38.0 55.53 96.46 4.29
39.0 56.27 96.49 2.67
40.0 59.85 100.00 3.65
41.0 57.20 96.23 5.45
42.0 58.75 93.23 5.92
43.0 62.38 91.73 4.06
44.0 66.08 93.96 2.68
45.0 67.79 97.01 1.92
46.0 70.05 99.78 3.10
47.0 74.86 99.65 3.07
48.0 75.84 100.00 1.91
49.0 71.04 100.00 0.99
50.0 66.95 99.74 0.00
51.0 67.99 95.34 0.00
52.0 65.90 91.70 1.44
53.0 61.11 87.02 0.29
54.0 61.12 83.78 1.94
55.0 58.96 85.65 3.88
56.0 62.53 83.47 5.16
57.0 66.65 79.81 5.67
58.0 68.35 77.81 5.91
59.0 65.52 73.56 4.75
60.0 66.38 73.19 5.94
