0 37 18 76
1 37 18 76
2 37 18 76
3 37 18 76
4 37 18 76
5 37 18 76
6 37 18 76
7 37 18 76
8 37 18 76
9 37 18 76
10 37 18 76
11 37 18 76
12 37 18 76
13 37 18 76
14 37 18 76
15 37 18 76
16 37 18 76
17 37 18 76
18 37 18 76
19 37 18 76
20 37 18 76
21 37 18 76
22 37 18 76
23 37 18 76
24 37 18 76
25 37 18 76
26 37 18 76
27 37 18 76
28 37 18 76
29 37 18 76
30 37 18 76
31 37 18 76
32 37 18 76
33 37 18 76
34 37 18 76
35 37 18 76
36 37 18 76
37 37 18 76
38 37 18 76
39 37 18 76
40 37 18 76
41 37 18 76
42 37 18 76
43 37 18 76
44 37 18 76
45 37 18 76
46 37 18 76
47 37 18 76
48 37 18 76
49 37 18 76
50 37 18 76
51 37 18 76
52 37 18 76
53 37 18 76
54 37 18 76
55 37 18 76
56 37 18 76
57 37 18 76
58 37 18 76
59 37 18 76
60 37 18 76
61 37 18 76
62 37 18 76
63 37 18 76
64 37 18 76
65 37 18 76
