0 21 16 65
1 21 16 65
2 21 16 65
3 21 16 65
4 21 16 65
5 21 16 65
6 21 16 65
7 21 16 65
8 21 16 65
9 21 16 65
10 21 16 65
11 21 16 65
12 21 16 65
13 21 16 65
14 21 16 65
15 21 16 65
16 21 16 65
17 21 16 65
18 21 16 65
19 21 16 65
20 21 16 65
21 21 16 65
22 21 16 65
23 21 16 65
24 21 16 65
25 21 16 65
26 21 16 65
27 21 16 65
28 21 16 65
29 21 16 65
30 21 16 65
31 21 16 65
32 21 16 65
33 21 16 65
34 21 16 65
35 21 16 65
36 21 16 65
37 21 16 65
38 21 16 65
39 21 16 65
40 21 16 65
41 21 16 65
42 21 16 65
43 21 16 65
44 21 16 65
45 21 16 65
46 21 16 65
47 21 16 65
48 21 16 65
49 21 16 65
50 21 16 65
51 21 16 65
52 21 16 65
53 21 16 65
54 21 16 65
55 21 16 65
56 21 16 65
57 21 16 65
58 21 16 65
59 21 16 65
60 21 16 65
61 21 16 65
62 21 16 65
63 21 16 65
64 21 16 65
65 21 16 65
