0 33 36 68
1 33 36 68
2 33 36 68
3 33 36 68
4 33 36 68
5 33 36 68
6 33 36 68
7 33 36 68
8 33 36 68
9 33 36 68
10 33 36 68
11 33 36 68
12 33 36 68
13 33 36 68
14 33 36 68
15 33 36 68
16 33 36 68
17 33 36 68
18 33 36 68
19 33 36 68
20 33 36 68
21 33 36 68
22 33 36 68
23 33 36 68
24 33 36 68
25 33 36 68
26 33 36 68
27 33 36 68
28 33 36 68
29 33 36 68
30 33 36 68
31 33 36 68
32 33 36 68
33 33 36 68
34 33 36 68
35 33 36 68
36 33 36 68
37 33 36 68
38 33 36 68
39 33 36 68
40 33 36 68
41 33 36 68
42 33 36 68
43 33 36 68
44 33 36 68
45 33 36 68
46 33 36 68
47 33 36 68
48 33 36 68
49 33 36 68
50 33 36 68
51 33 36 68
52 33 36 68
53 33 36 68
54 33 36 68
55 33 36 68
56 33 36 68
57 33 36 68
58 33 36 68
59 33 36 68
60 33 36 68
61 33 36 68
62 33 36 68
63 33 36 68
64 33 36 68
65 33 36 68
