0 19 14 31
1 19 14 31
2 19 14 31
3 19 14 31
4 19 14 31
5 19 14 31
6 19 14 31
7 19 14 31
8 19 14 31
9 19 14 31
10 19 14 31
11 19 14 31
12 19 14 31
13 19 14 31
14 19 14 31
15 19 14 31
16 19 14 31
17 19 14 31
18 19 14 31
19 19 14 31
20 19 14 31
21 19 14 31
22 19 14 31
23 19 14 31
24 19 14 31
25 19 14 31
26 19 14 31
27 19 14 31
28 19 14 31
29 19 14 31
30 19 14 31
31 19 14 31
32 19 14 31
33 19 14 31
34 19 14 31
35 19 14 31
36 19 14 31
37 19 14 31
38 19 14 31
39 19 14 31
40 19 14 31
41 19 14 31
42 19 14 31
43 19 14 31
44 19 14 31
45 19 14 31
46 19 14 31
47 19 14 31
48 19 14 31
49 19 14 31
50 19 14 31
51 19 14 31
52 19 14 31
53 19 14 31
54 19 14 31
55 19 14 31
56 19 14 31
57 19 14 31
58 19 14 31
59 19 14 31
60 19 14 31
61 19 14 31
62 19 14 31
63 19 14 31
64 19 14 31
65 19 14 31
