0 38 45 6
1 38 45 6
2 38 45 6
3 38 45 6
4 38 45 6
5 38 45 6
6 38 45 6
7 38 45 6
8 38 45 6
9 38 45 6
10 38 45 6
11 38 45 6
12 38 45 6
13 38 45 6
14 38 45 6
15 38 45 6
16 38 45 6
17 38 45 6
18 38 45 6
19 38 45 6
20 38 45 6
21 38 45 6
22 38 45 6
23 38 45 6
24 38 45 6
25 38 45 6
26 38 45 6
27 38 45 6
28 38 45 6
29 38 45 6
30 38 45 6
31 38 45 6
32 38 45 6
33 38 45 6
34 38 45 6
35 38 45 6
36 38 45 6
37 38 45 6
38 38 45 6
39 38 45 6
40 38 45 6
41 38 45 6
42 38 45 6
43 38 45 6
44 38 45 6
45 38 45 6
46 38 45 6
47 38 45 6
48 38 45 6
49 38 45 6
50 38 45 6
51 38 45 6
52 38 45 6
53 38 45 6
54 38 45 6
55 38 45 6
56 38 45 6
57 38 45 6
58 38 45 6
59 38 45 6
60 38 45 6
61 38 45 6
62 38 45 6
63 38 45 6
64 38 45 6
65 38 45 6
