0 35 35 60
1 35 35 60
2 35 35 60
3 35 35 60
4 35 35 60
5 35 35 60
6 35 35 60
7 35 35 60
8 35 35 60
9 35 35 60
10 35 35 60
11 35 35 60
12 35 35 60
13 35 35 60
14 35 35 60
15 35 35 60
16 35 35 60
17 35 35 60
18 35 35 60
19 35 35 60
20 35 35 60
21 35 35 60
22 35 35 60
23 35 35 60
24 35 35 60
25 35 35 60
26 35 35 60
27 35 35 60
28 35 35 60
29 35 35 60
30 35 35 60
31 35 35 60
32 35 35 60
33 35 35 60
34 35 35 60
35 35 35 60
36 35 35 60
37 35 35 60
38 35 35 60
39 35 35 60
40 35 35 60
41 35 35 60
42 35 35 60
43 35 35 60
44 35 35 60
45 35 35 60
46 35 35 60
47 35 35 60
48 35 35 60
49 35 35 60
50 35 35 60
51 35 35 60
52 35 35 60
53 35 35 60
54 35 35 60
55 35 35 60
56 35 35 60
57 35 35 60
58 35 35 60
59 35 35 60
60 35 35 60
61 35 35 60
62 35 35 60
63 35 35 60
64 35 35 60
65 35 35 60
