0 30 30 67
1 30 30 67
2 30 30 67
3 30 30 67
4 30 30 67
5 30 30 67
6 30 30 67
7 30 30 67
8 30 30 67
9 30 30 67
10 30 30 67
11 30 30 67
12 30 30 67
13 30 30 67
14 30 30 67
15 30 30 67
16 30 30 67
17 30 30 67
18 30 30 67
19 30 30 67
20 30 30 67
21 30 30 67
22 30 30 67
23 30 30 67
24 30 30 67
25 30 30 67
26 30 30 67
27 30 30 67
28 30 30 67
29 30 30 67
30 30 30 67
31 30 30 67
32 30 30 67
33 30 30 67
34 30 30 67
35 30 30 67
36 30 30 67
37 30 30 67
38 30 30 67
39 30 30 67
40 30 30 67
41 30 30 67
42 30 30 67
43 30 30 67
44 30 30 67
45 30 30 67
46 30 30 67
47 30 30 67
48 30 30 67
49 30 30 67
50 30 30 67
51 30 30 67
52 30 30 67
53 30 30 67
54 30 30 67
55 30 30 67
56 30 30 67
57 30 30 67
58 30 30 67
59 30 30 67
60 30 30 67
61 30 30 67
62 30 30 67
63 30 30 67
64 30 30 67
65 30 30 67
