0 11 32 31
1 11 32 31
2 11 32 31
3 11 32 31
4 11 32 31
5 11 32 31
6 11 32 31
7 11 32 31
8 11 32 31
9 11 32 31
10 11 32 31
11 11 32 31
12 11 32 31
13 11 32 31
14 11 32 31
15 11 32 31
16 11 32 31
17 11 32 31
18 11 32 31
19 11 32 31
20 11 32 31
21 11 32 31
22 11 32 31
23 11 32 31
24 11 32 31
25 11 32 31
26 11 32 31
27 11 32 31
28 11 32 31
29 11 32 31
30 11 32 31
31 11 32 31
32 11 32 31
33 11 32 31
34 11 32 31
35 11 32 31
36 11 32 31
37 11 32 31
38 11 32 31
39 11 32 31
40 11 32 31
41 11 32 31
42 11 32 31
43 11 32 31
44 11 32 31
45 11 32 31
46 11 32 31
47 11 32 31
48 11 32 31
49 11 32 31
50 11 32 31
51 11 32 31
52 11 32 31
53 11 32 31
54 11 32 31
55 11 32 31
56 11 32 31
57 11 32 31
58 11 32 31
59 11 32 31
60 11 32 31
61 11 32 31
62 11 32 31
63 11 32 31
64 11 32 31
65 11 32 31
