0 14 28 91
1 14 28 91
2 14 28 91
3 14 28 91
4 14 28 91
5 14 28 91
6 14 28 91
7 14 28 91
8 14 28 91
9 14 28 91
10 14 28 91
11 14 28 91
12 14 28 91
13 14 28 91
14 14 28 91
15 14 28 91
16 14 28 91
17 14 28 91
18 14 28 91
19 14 28 91
20 14 28 91
21 14 28 91
22 14 28 91
23 14 28 91
24 14 28 91
25 14 28 91
26 14 28 91
27 14 28 91
28 14 28 91
29 14 28 91
30 14 28 91
31 14 28 91
32 14 28 91
33 14 28 91
34 14 28 91
35 14 28 91
36 14 28 91
37 14 28 91
38 14 28 91
39 14 28 91
40 14 28 91
41 14 28 91
42 14 28 91
43 14 28 91
44 14 28 91
45 14 28 91
46 14 28 91
47 14 28 91
48 14 28 91
49 14 28 91
50 14 28 91
51 14 28 91
52 14 28 91
53 14 28 91
54 14 28 91
55 14 28 91
56 14 28 91
57 14 28 91
58 14 28 91
59 14 28 91
60 14 28 91
61 14 28 91
62 14 28 91
63 14 28 91
64 14 28 91
65 14 28 91
