0 45 45 11
1 45 45 11
2 45 45 11
3 45 45 11
4 45 45 11
5 45 45 11
6 45 45 11
7 45 45 11
8 45 45 11
9 45 45 11
10 45 45 11
11 45 45 11
12 45 45 11
13 45 45 11
14 45 45 11
15 45 45 11
16 45 45 11
17 45 45 11
18 45 45 11
19 45 45 11
20 45 45 11
21 45 45 11
22 45 45 11
23 45 45 11
24 45 45 11
25 45 45 11
26 45 45 11
27 45 45 11
28 45 45 11
29 45 45 11
30 45 45 11
31 45 45 11
32 45 45 11
33 45 45 11
34 45 45 11
35 45 45 11
36 45 45 11
37 45 45 11
38 45 45 11
39 45 45 11
40 45 45 11
41 45 45 11
42 45 45 11
43 45 45 11
44 45 45 11
45 45 45 11
46 45 45 11
47 45 45 11
48 45 45 11
49 45 45 11
50 45 45 11
51 45 45 11
52 45 45 11
53 45 45 11
54 45 45 11
55 45 45 11
56 45 45 11
57 45 45 11
58 45 45 11
59 45 45 11
60 45 45 11
61 45 45 11
62 45 45 11
63 45 45 11
64 45 45 11
65 45 45 11
