0.0 80.90 70.27 9.48
1.0 81.18 65.66 9.28
2.0 86.13 61.64 9.55
3.0 86.95 57.99 10.24
4.0 90.85 60.39 11.00
5.0 86.66 62.55 9.54
6.0 90.24 60.39 8.57
7.0 90.63 58.91 10.54
8.0 89.26 59.01 8.96
9.0 86.52 54.32 10.80
10.0 83.14 50.83 12.01
11.0 82.17 54.79 13.58
12.0 87.03 53.50 15.20
13.0 91.08 49.56 14.95
14.0 86.14 45.18 13.48
15.0 90.81 50.05 12.90
16.0 88.77 46.80 14.12
17.0 86.66 42.65 16.01
18.0 89.24 38.84 17.93
19.0 90.16 42.92 18.69
20.0 91.77 39.45 20.00
21.0 94.35 38.81 20.00
22.0 92.95 35.23 18.31
23.0 91.77 33.83 18.62
24.0 87.65 35.47 19.64
25.0 89.16 30.96 20.00
26.0 86.38 35.68 20.00
27.0 90.50 35.10 18.45
28.0 91.67 31.53 20.00
29.0 92.19 28.32 20.00
30.0 94.31 31.71 20.00
31.0 90.84 31.29 20.00
32.0 92.89 33.14 19.67
33.0 94.80 34.54 19.13
34.0 95.79 39.03 19.68
35.0 99.68 38.81 20.00
36.0 97.00 39.78 18.02
37.0 93.24 40.40 16.94
38.0 90.68 37.51 15.04
39.0 94.39 39.82 13.69
40.0 96.89 40.82 12.43
41.0 95.21 40.44 10.77
42.0 90.34 42.91 9.66
43.0 93.12 41.01 10.85
44.0 97.14 41.73 12.00
45.0 94.50 37.90 12.60
46.0 94.99 40.06 13.44
47.0 95.38 35.47 14.91
48.0 98.82 37.42 16.22
49.0 100.00 33.78 18.09
50.0 100.00 31.85 19.58
51.0 100.00 34.33 20.00
52.0 98.18 38.36 18.85
53.0 99.85 36.59 19.96
54.0 100.00 32.87 20.00
55.0 95.55 30.20 19.61
56.0 97.34 28.76 18.73
57.0 99.68 24.96 18.66
58.0 99.50 22.69 19.80
59.0 94.85 24.29 19.08
60.0 98.50 22.59 19.62
