0 32 8 25
1 32 8 25
2 32 8 25
3 32 8 25
4 32 8 25
5 32 8 25
6 32 8 25
7 32 8 25
8 32 8 25
9 32 8 25
10 32 8 25
11 32 8 25
12 32 8 25
13 32 8 25
14 32 8 25
15 32 8 25
16 32 8 25
17 32 8 25
18 32 8 25
19 32 8 25
20 32 8 25
21 32 8 25
22 32 8 25
23 32 8 25
24 32 8 25
25 32 8 25
26 32 8 25
27 32 8 25
28 32 8 25
29 32 8 25
30 32 8 25
31 32 8 25
32 32 8 25
33 32 8 25
34 32 8 25
35 32 8 25
36 32 8 25
37 32 8 25
38 32 8 25
39 32 8 25
40 32 8 25
41 32 8 25
42 32 8 25
43 32 8 25
44 32 8 25
45 32 8 25
46 32 8 25
47 32 8 25
48 32 8 25
49 32 8 25
50 32 8 25
51 32 8 25
52 32 8 25
53 32 8 25
54 32 8 25
55 32 8 25
56 32 8 25
57 32 8 25
58 32 8 25
59 32 8 25
60 32 8 25
61 32 8 25
62 32 8 25
63 32 8 25
64 32 8 25
65 32 8 25
