0 22 22 95
1 22 22 95
2 22 22 95
3 22 22 95
4 22 22 95
5 22 22 95
6 22 22 95
7 22 22 95
8 22 22 95
9 22 22 95
10 22 22 95
11 22 22 95
12 22 22 95
13 22 22 95
14 22 22 95
15 22 22 95
16 22 22 95
17 22 22 95
18 22 22 95
19 22 22 95
20 22 22 95
21 22 22 95
22 22 22 95
23 22 22 95
24 22 22 95
25 22 22 95
26 22 22 95
27 22 22 95
28 22 22 95
29 22 22 95
30 22 22 95
31 22 22 95
32 22 22 95
33 22 22 95
34 22 22 95
35 22 22 95
36 22 22 95
37 22 22 95
38 22 22 95
39 22 22 95
40 22 22 95
41 22 22 95
42 22 22 95
43 22 22 95
44 22 22 95
45 22 22 95
46 22 22 95
47 22 22 95
48 22 22 95
49 22 22 95
50 22 22 95
51 22 22 95
52 22 22 95
53 22 22 95
54 22 22 95
55 22 22 95
56 22 22 95
57 22 22 95
58 22 22 95
59 22 22 95
60 22 22 95
61 22 22 95
62 22 22 95
63 22 22 95
64 22 22 95
65 22 22 95
