0 44 23 31
1 44 23 31
2 44 23 31
3 44 23 31
4 44 23 31
5 44 23 31
6 44 23 31
7 44 23 31
8 44 23 31
9 44 23 31
10 44 23 31
11 44 23 31
12 44 23 31
13 44 23 31
14 44 23 31
15 44 23 31
16 44 23 31
17 44 23 31
18 44 23 31
19 44 23 31
20 44 23 31
21 44 23 31
22 44 23 31
23 44 23 31
24 44 23 31
25 44 23 31
26 44 23 31
27 44 23 31
28 44 23 31
29 44 23 31
30 44 23 31
31 44 23 31
32 44 23 31
33 44 23 31
34 44 23 31
35 44 23 31
36 44 23 31
37 44 23 31
38 44 23 31
39 44 23 31
40 44 23 31
41 44 23 31
42 44 23 31
43 44 23 31
44 44 23 31
45 44 23 31
46 44 23 31
47 44 23 31
48 44 23 31
49 44 23 31
50 44 23 31
51 44 23 31
52 44 23 31
53 44 23 31
54 44 23 31
55 44 23 31
56 44 23 31
57 44 23 31
58 44 23 31
59 44 23 31
60 44 23 31
61 44 23 31
62 44 23 31
63 44 23 31
64 44 23 31
65 44 23 31
