0 31 44 3
1 31 44 3
2 31 44 3
3 31 44 3
4 31 44 3
5 31 44 3
6 31 44 3
7 31 44 3
8 31 44 3
9 31 44 3
10 31 44 3
11 31 44 3
12 31 44 3
13 31 44 3
14 31 44 3
15 31 44 3
16 31 44 3
17 31 44 3
18 31 44 3
19 31 44 3
20 31 44 3
21 31 44 3
22 31 44 3
23 31 44 3
24 31 44 3
25 31 44 3
26 31 44 3
27 31 44 3
28 31 44 3
29 31 44 3
30 31 44 3
31 31 44 3
32 31 44 3
33 31 44 3
34 31 44 3
35 31 44 3
36 31 44 3
37 31 44 3
38 31 44 3
39 31 44 3
40 31 44 3
41 31 44 3
42 31 44 3
43 31 44 3
44 31 44 3
45 31 44 3
46 31 44 3
47 31 44 3
48 31 44 3
49 31 44 3
50 31 44 3
51 31 44 3
52 31 44 3
53 31 44 3
54 31 44 3
55 31 44 3
56 31 44 3
57 31 44 3
58 31 44 3
59 31 44 3
60 31 44 3
61 31 44 3
62 31 44 3
63 31 44 3
64 31 44 3
65 31 44 3
