0 25 33 67
1 25 33 67
2 25 33 67
3 25 33 67
4 25 33 67
5 25 33 67
6 25 33 67
7 25 33 67
8 25 33 67
9 25 33 67
10 25 33 67
11 25 33 67
12 25 33 67
13 25 33 67
14 25 33 67
15 25 33 67
16 25 33 67
17 25 33 67
18 25 33 67
19 25 33 67
20 25 33 67
21 25 33 67
22 25 33 67
23 25 33 67
24 25 33 67
25 25 33 67
26 25 33 67
27 25 33 67
28 25 33 67
29 25 33 67
30 25 33 67
31 25 33 67
32 25 33 67
33 25 33 67
34 25 33 67
35 25 33 67
36 25 33 67
37 25 33 67
38 25 33 67
39 25 33 67
40 25 33 67
41 25 33 67
42 25 33 67
43 25 33 67
44 25 33 67
45 25 33 67
46 25 33 67
47 25 33 67
48 25 33 67
49 25 33 67
50 25 33 67
51 25 33 67
52 25 33 67
53 25 33 67
54 25 33 67
55 25 33 67
56 25 33 67
57 25 33 67
58 25 33 67
59 25 33 67
60 25 33 67
61 25 33 67
62 25 33 67
63 25 33 67
64 25 33 67
65 25 33 67
