0 28 21 54
1 28 21 54
2 28 21 54
3 28 21 54
4 28 21 54
5 28 21 54
6 28 21 54
7 28 21 54
8 28 21 54
9 28 21 54
10 28 21 54
11 28 21 54
12 28 21 54
13 28 21 54
14 28 21 54
15 28 21 54
16 28 21 54
17 28 21 54
18 28 21 54
19 28 21 54
20 28 21 54
21 28 21 54
22 28 21 54
23 28 21 54
24 28 21 54
25 28 21 54
26 28 21 54
27 28 21 54
28 28 21 54
29 28 21 54
30 28 21 54
31 28 21 54
32 28 21 54
33 28 21 54
34 28 21 54
35 28 21 54
36 28 21 54
37 28 21 54
38 28 21 54
39 28 21 54
40 28 21 54
41 28 21 54
42 28 21 54
43 28 21 54
44 28 21 54
45 28 21 54
46 28 21 54
47 28 21 54
48 28 21 54
49 28 21 54
50 28 21 54
51 28 21 54
52 28 21 54
53 28 21 54
54 28 21 54
55 28 21 54
56 28 21 54
57 28 21 54
58 28 21 54
59 28 21 54
60 28 21 54
61 28 21 54
62 28 21 54
63 28 21 54
64 28 21 54
65 28 21 54
