0 39 39 83
1 39 39 83
2 39 39 83
3 39 39 83
4 39 39 83
5 39 39 83
6 39 39 83
7 39 39 83
8 39 39 83
9 39 39 83
10 39 39 83
11 39 39 83
12 39 39 83
13 39 39 83
14 39 39 83
15 39 39 83
16 39 39 83
17 39 39 83
18 39 39 83
19 39 39 83
20 39 39 83
21 39 39 83
22 39 39 83
23 39 39 83
24 39 39 83
25 39 39 83
26 39 39 83
27 39 39 83
28 39 39 83
29 39 39 83
30 39 39 83
31 39 39 83
32 39 39 83
33 39 39 83
34 39 39 83
35 39 39 83
36 39 39 83
37 39 39 83
38 39 39 83
39 39 39 83
40 39 39 83
41 39 39 83
42 39 39 83
43 39 39 83
44 39 39 83
45 39 39 83
46 39 39 83
47 39 39 83
48 39 39 83
49 39 39 83
50 39 39 83
51 39 39 83
52 39 39 83
53 39 39 83
54 39 39 83
55 39 39 83
56 39 39 83
57 39 39 83
58 39 39 83
59 39 39 83
60 39 39 83
61 39 39 83
62 39 39 83
63 39 39 83
64 39 39 83
65 39 39 83
