0 34 28 54
1 34 28 54
2 34 28 54
3 34 28 54
4 34 28 54
5 34 28 54
6 34 28 54
7 34 28 54
8 34 28 54
9 34 28 54
10 34 28 54
11 34 28 54
12 34 28 54
13 34 28 54
14 34 28 54
15 34 28 54
16 34 28 54
17 34 28 54
18 34 28 54
19 34 28 54
20 34 28 54
21 34 28 54
22 34 28 54
23 34 28 54
24 34 28 54
25 34 28 54
26 34 28 54
27 34 28 54
28 34 28 54
29 34 28 54
30 34 28 54
31 34 28 54
32 34 28 54
33 34 28 54
34 34 28 54
35 34 28 54
36 34 28 54
37 34 28 54
38 34 28 54
39 34 28 54
40 34 28 54
41 34 28 54
42 34 28 54
43 34 28 54
44 34 28 54
45 34 28 54
46 34 28 54
47 34 28 54
48 34 28 54
49 34 28 54
50 34 28 54
51 34 28 54
52 34 28 54
53 34 28 54
54 34 28 54
55 34 28 54
56 34 28 54
57 34 28 54
58 34 28 54
59 34 28 54
60 34 28 54
61 34 28 54
62 34 28 54
63 34 28 54
64 34 28 54
65 34 28 54
