0 36 32 35
1 36 32 35
2 36 32 35
3 36 32 35
4 36 32 35
5 36 32 35
6 36 32 35
7 36 32 35
8 36 32 35
9 36 32 35
10 36 32 35
11 36 32 35
12 36 32 35
13 36 32 35
14 36 32 35
15 36 32 35
16 36 32 35
17 36 32 35
18 36 32 35
19 36 32 35
20 36 32 35
21 36 32 35
22 36 32 35
23 36 32 35
24 36 32 35
25 36 32 35
26 36 32 35
27 36 32 35
28 36 32 35
29 36 32 35
30 36 32 35
31 36 32 35
32 36 32 35
33 36 32 35
34 36 32 35
35 36 32 35
36 36 32 35
37 36 32 35
38 36 32 35
39 36 32 35
40 36 32 35
41 36 32 35
42 36 32 35
43 36 32 35
44 36 32 35
45 36 32 35
46 36 32 35
47 36 32 35
48 36 32 35
49 36 32 35
50 36 32 35
51 36 32 35
52 36 32 35
53 36 32 35
54 36 32 35
55 36 32 35
56 36 32 35
57 36 32 35
58 36 32 35
59 36 32 35
60 36 32 35
61 36 32 35
62 36 32 35
63 36 32 35
64 36 32 35
65 36 32 35
