0 47 33 3
1 47 33 3
2 47 33 3
3 47 33 3
4 47 33 3
5 47 33 3
6 47 33 3
7 47 33 3
8 47 33 3
9 47 33 3
10 47 33 3
11 47 33 3
12 47 33 3
13 47 33 3
14 47 33 3
15 47 33 3
16 47 33 3
17 47 33 3
18 47 33 3
19 47 33 3
20 47 33 3
21 47 33 3
22 47 33 3
23 47 33 3
24 47 33 3
25 47 33 3
26 47 33 3
27 47 33 3
28 47 33 3
29 47 33 3
30 47 33 3
31 47 33 3
32 47 33 3
33 47 33 3
34 47 33 3
35 47 33 3
36 47 33 3
37 47 33 3
38 47 33 3
39 47 33 3
40 47 33 3
41 47 33 3
42 47 33 3
43 47 33 3
44 47 33 3
45 47 33 3
46 47 33 3
47 47 33 3
48 47 33 3
49 47 33 3
50 47 33 3
51 47 33 3
52 47 33 3
53 47 33 3
54 47 33 3
55 47 33 3
56 47 33 3
57 47 33 3
58 47 33 3
59 47 33 3
60 47 33 3
61 47 33 3
62 47 33 3
63 47 33 3
64 47 33 3
65 47 33 3
