0 38 28 60
1 38 28 60
2 38 28 60
3 38 28 60
4 38 28 60
5 38 28 60
6 38 28 60
7 38 28 60
8 38 28 60
9 38 28 60
10 38 28 60
11 38 28 60
12 38 28 60
13 38 28 60
14 38 28 60
15 38 28 60
16 38 28 60
17 38 28 60
18 38 28 60
19 38 28 60
20 38 28 60
21 38 28 60
22 38 28 60
23 38 28 60
24 38 28 60
25 38 28 60
26 38 28 60
27 38 28 60
28 38 28 60
29 38 28 60
30 38 28 60
31 38 28 60
32 38 28 60
33 38 28 60
34 38 28 60
35 38 28 60
36 38 28 60
37 38 28 60
38 38 28 60
39 38 28 60
40 38 28 60
41 38 28 60
42 38 28 60
43 38 28 60
44 38 28 60
45 38 28 60
46 38 28 60
47 38 28 60
48 38 28 60
49 38 28 60
50 38 28 60
51 38 28 60
52 38 28 60
53 38 28 60
54 38 28 60
55 38 28 60
56 38 28 60
57 38 28 60
58 38 28 60
59 38 28 60
60 38 28 60
61 38 28 60
62 38 28 60
63 38 28 60
64 38 28 60
65 38 28 60
