0 28 3 11
1 28 3 11
2 28 3 11
3 28 3 11
4 28 3 11
5 28 3 11
6 28 3 11
7 28 3 11
8 28 3 11
9 28 3 11
10 28 3 11
11 28 3 11
12 28 3 11
13 28 3 11
14 28 3 11
15 28 3 11
16 28 3 11
17 28 3 11
18 28 3 11
19 28 3 11
20 28 3 11
21 28 3 11
22 28 3 11
23 28 3 11
24 28 3 11
25 28 3 11
26 28 3 11
27 28 3 11
28 28 3 11
29 28 3 11
30 28 3 11
31 28 3 11
32 28 3 11
33 28 3 11
34 28 3 11
35 28 3 11
36 28 3 11
37 28 3 11
38 28 3 11
39 28 3 11
40 28 3 11
41 28 3 11
42 28 3 11
43 28 3 11
44 28 3 11
45 28 3 11
46 28 3 11
47 28 3 11
48 28 3 11
49 28 3 11
50 28 3 11
51 28 3 11
52 28 3 11
53 28 3 11
54 28 3 11
55 28 3 11
56 28 3 11
57 28 3 11
58 28 3 11
59 28 3 11
60 28 3 11
61 28 3 11
62 28 3 11
63 28 3 11
64 28 3 11
65 28 3 11
