0 24 40 63
1 24 40 63
2 24 40 63
3 24 40 63
4 24 40 63
5 24 40 63
6 24 40 63
7 24 40 63
8 24 40 63
9 24 40 63
10 24 40 63
11 24 40 63
12 24 40 63
13 24 40 63
14 24 40 63
15 24 40 63
16 24 40 63
17 24 40 63
18 24 40 63
19 24 40 63
20 24 40 63
21 24 40 63
22 24 40 63
23 24 40 63
24 24 40 63
25 24 40 63
26 24 40 63
27 24 40 63
28 24 40 63
29 24 40 63
30 24 40 63
31 24 40 63
32 24 40 63
33 24 40 63
34 24 40 63
35 24 40 63
36 24 40 63
37 24 40 63
38 24 40 63
39 24 40 63
40 24 40 63
41 24 40 63
42 24 40 63
43 24 40 63
44 24 40 63
45 24 40 63
46 24 40 63
47 24 40 63
48 24 40 63
49 24 40 63
50 24 40 63
51 24 40 63
52 24 40 63
53 24 40 63
54 24 40 63
55 24 40 63
56 24 40 63
57 24 40 63
58 24 40 63
59 24 40 63
60 24 40 63
61 24 40 63
62 24 40 63
63 24 40 63
64 24 40 63
65 24 40 63
