0 16 39 83
1 16 39 83
2 16 39 83
3 16 39 83
4 16 39 83
5 16 39 83
6 16 39 83
7 16 39 83
8 16 39 83
9 16 39 83
10 16 39 83
11 16 39 83
12 16 39 83
13 16 39 83
14 16 39 83
15 16 39 83
16 16 39 83
17 16 39 83
18 16 39 83
19 16 39 83
20 16 39 83
21 16 39 83
22 16 39 83
23 16 39 83
24 16 39 83
25 16 39 83
26 16 39 83
27 16 39 83
28 16 39 83
29 16 39 83
30 16 39 83
31 16 39 83
32 16 39 83
33 16 39 83
34 16 39 83
35 16 39 83
36 16 39 83
37 16 39 83
38 16 39 83
39 16 39 83
40 16 39 83
41 16 39 83
42 16 39 83
43 16 39 83
44 16 39 83
45 16 39 83
46 16 39 83
47 16 39 83
48 16 39 83
49 16 39 83
50 16 39 83
51 16 39 83
52 16 39 83
53 16 39 83
54 16 39 83
55 16 39 83
56 16 39 83
57 16 39 83
58 16 39 83
59 16 39 83
60 16 39 83
61 16 39 83
62 16 39 83
63 16 39 83
64 16 39 83
65 16 39 83
