0 35 24 58
1 35 24 58
2 35 24 58
3 35 24 58
4 35 24 58
5 35 24 58
6 35 24 58
7 35 24 58
8 35 24 58
9 35 24 58
10 35 24 58
11 35 24 58
12 35 24 58
13 35 24 58
14 35 24 58
15 35 24 58
16 35 24 58
17 35 24 58
18 35 24 58
19 35 24 58
20 35 24 58
21 35 24 58
22 35 24 58
23 35 24 58
24 35 24 58
25 35 24 58
26 35 24 58
27 35 24 58
28 35 24 58
29 35 24 58
30 35 24 58
31 35 24 58
32 35 24 58
33 35 24 58
34 35 24 58
35 35 24 58
36 35 24 58
37 35 24 58
38 35 24 58
39 35 24 58
40 35 24 58
41 35 24 58
42 35 24 58
43 35 24 58
44 35 24 58
45 35 24 58
46 35 24 58
47 35 24 58
48 35 24 58
49 35 24 58
50 35 24 58
51 35 24 58
52 35 24 58
53 35 24 58
54 35 24 58
55 35 24 58
56 35 24 58
57 35 24 58
58 35 24 58
59 35 24 58
60 35 24 58
61 35 24 58
62 35 24 58
63 35 24 58
64 35 24 58
65 35 24 58
