0 16 16 64
1 16 16 64
2 16 16 64
3 16 16 64
4 16 16 64
5 16 16 64
6 16 16 64
7 16 16 64
8 16 16 64
9 16 16 64
10 16 16 64
11 16 16 64
12 16 16 64
13 16 16 64
14 16 16 64
15 16 16 64
16 16 16 64
17 16 16 64
18 16 16 64
19 16 16 64
20 16 16 64
21 16 16 64
22 16 16 64
23 16 16 64
24 16 16 64
25 16 16 64
26 16 16 64
27 16 16 64
28 16 16 64
29 16 16 64
30 16 16 64
31 16 16 64
32 16 16 64
33 16 16 64
34 16 16 64
35 16 16 64
36 16 16 64
37 16 16 64
38 16 16 64
39 16 16 64
40 16 16 64
41 16 16 64
42 16 16 64
43 16 16 64
44 16 16 64
45 16 16 64
46 16 16 64
47 16 16 64
48 16 16 64
49 16 16 64
50 16 16 64
51 16 16 64
52 16 16 64
53 16 16 64
54 16 16 64
55 16 16 64
56 16 16 64
57 16 16 64
58 16 16 64
59 16 16 64
60 16 16 64
61 16 16 64
62 16 16 64
63 16 16 64
64 16 16 64
65 16 16 64
