0 18 33 74
1 18 33 74
2 18 33 74
3 18 33 74
4 18 33 74
5 18 33 74
6 18 33 74
7 18 33 74
8 18 33 74
9 18 33 74
10 18 33 74
11 18 33 74
12 18 33 74
13 18 33 74
14 18 33 74
15 18 33 74
16 18 33 74
17 18 33 74
18 18 33 74
19 18 33 74
20 18 33 74
21 18 33 74
22 18 33 74
23 18 33 74
24 18 33 74
25 18 33 74
26 18 33 74
27 18 33 74
28 18 33 74
29 18 33 74
30 18 33 74
31 18 33 74
32 18 33 74
33 18 33 74
34 18 33 74
35 18 33 74
36 18 33 74
37 18 33 74
38 18 33 74
39 18 33 74
40 18 33 74
41 18 33 74
42 18 33 74
43 18 33 74
44 18 33 74
45 18 33 74
46 18 33 74
47 18 33 74
48 18 33 74
49 18 33 74
50 18 33 74
51 18 33 74
52 18 33 74
53 18 33 74
54 18 33 74
55 18 33 74
56 18 33 74
57 18 33 74
58 18 33 74
59 18 33 74
60 18 33 74
61 18 33 74
62 18 33 74
63 18 33 74
64 18 33 74
65 18 33 74
