0 41 28 91
1 41 28 91
2 41 28 91
3 41 28 91
4 41 28 91
5 41 28 91
6 41 28 91
7 41 28 91
8 41 28 91
9 41 28 91
10 41 28 91
11 41 28 91
12 41 28 91
13 41 28 91
14 41 28 91
15 41 28 91
16 41 28 91
17 41 28 91
18 41 28 91
19 41 28 91
20 41 28 91
21 41 28 91
22 41 28 91
23 41 28 91
24 41 28 91
25 41 28 91
26 41 28 91
27 41 28 91
28 41 28 91
29 41 28 91
30 41 28 91
31 41 28 91
32 41 28 91
33 41 28 91
34 41 28 91
35 41 28 91
36 41 28 91
37 41 28 91
38 41 28 91
39 41 28 91
40 41 28 91
41 41 28 91
42 41 28 91
43 41 28 91
44 41 28 91
45 41 28 91
46 41 28 91
47 41 28 91
48 41 28 91
49 41 28 91
50 41 28 91
51 41 28 91
52 41 28 91
53 41 28 91
54 41 28 91
55 41 28 91
56 41 28 91
57 41 28 91
58 41 28 91
59 41 28 91
60 41 28 91
61 41 28 91
62 41 28 91
63 41 28 91
64 41 28 91
65 41 28 91
