0 31 41 65
1 31 41 65
2 31 41 65
3 31 41 65
4 31 41 65
5 31 41 65
6 31 41 65
7 31 41 65
8 31 41 65
9 31 41 65
10 31 41 65
11 31 41 65
12 31 41 65
13 31 41 65
14 31 41 65
15 31 41 65
16 31 41 65
17 31 41 65
18 31 41 65
19 31 41 65
20 31 41 65
21 31 41 65
22 31 41 65
23 31 41 65
24 31 41 65
25 31 41 65
26 31 41 65
27 31 41 65
28 31 41 65
29 31 41 65
30 31 41 65
31 31 41 65
32 31 41 65
33 31 41 65
34 31 41 65
35 31 41 65
36 31 41 65
37 31 41 65
38 31 41 65
39 31 41 65
40 31 41 65
41 31 41 65
42 31 41 65
43 31 41 65
44 31 41 65
45 31 41 65
46 31 41 65
47 31 41 65
48 31 41 65
49 31 41 65
50 31 41 65
51 31 41 65
52 31 41 65
53 31 41 65
54 31 41 65
55 31 41 65
56 31 41 65
57 31 41 65
58 31 41 65
59 31 41 65
60 31 41 65
61 31 41 65
62 31 41 65
63 31 41 65
64 31 41 65
65 31 41 65
