0 41 24 65
1 41 24 65
2 41 24 65
3 41 24 65
4 41 24 65
5 41 24 65
6 41 24 65
7 41 24 65
8 41 24 65
9 41 24 65
10 41 24 65
11 41 24 65
12 41 24 65
13 41 24 65
14 41 24 65
15 41 24 65
16 41 24 65
17 41 24 65
18 41 24 65
19 41 24 65
20 41 24 65
21 41 24 65
22 41 24 65
23 41 24 65
24 41 24 65
25 41 24 65
26 41 24 65
27 41 24 65
28 41 24 65
29 41 24 65
30 41 24 65
31 41 24 65
32 41 24 65
33 41 24 65
34 41 24 65
35 41 24 65
36 41 24 65
37 41 24 65
38 41 24 65
39 41 24 65
40 41 24 65
41 41 24 65
42 41 24 65
43 41 24 65
44 41 24 65
45 41 24 65
46 41 24 65
47 41 24 65
48 41 24 65
49 41 24 65
50 41 24 65
51 41 24 65
52 41 24 65
53 41 24 65
54 41 24 65
55 41 24 65
56 41 24 65
57 41 24 65
58 41 24 65
59 41 24 65
60 41 24 65
61 41 24 65
62 41 24 65
63 41 24 65
64 41 24 65
65 41 24 65
