0 49 33 10
1 49 33 10
2 49 33 10
3 49 33 10
4 49 33 10
5 49 33 10
6 49 33 10
7 49 33 10
8 49 33 10
9 49 33 10
10 49 33 10
11 49 33 10
12 49 33 10
13 49 33 10
14 49 33 10
15 49 33 10
16 49 33 10
17 49 33 10
18 49 33 10
19 49 33 10
20 49 33 10
21 49 33 10
22 49 33 10
23 49 33 10
24 49 33 10
25 49 33 10
26 49 33 10
27 49 33 10
28 49 33 10
29 49 33 10
30 49 33 10
31 49 33 10
32 49 33 10
33 49 33 10
34 49 33 10
35 49 33 10
36 49 33 10
37 49 33 10
38 49 33 10
39 49 33 10
40 49 33 10
41 49 33 10
42 49 33 10
43 49 33 10
44 49 33 10
45 49 33 10
46 49 33 10
47 49 33 10
48 49 33 10
49 49 33 10
50 49 33 10
51 49 33 10
52 49 33 10
53 49 33 10
54 49 33 10
55 49 33 10
56 49 33 10
57 49 33 10
58 49 33 10
59 49 33 10
60 49 33 10
61 49 33 10
62 49 33 10
63 49 33 10
64 49 33 10
65 49 33 10
