0 34 38 31
1 34 38 31
2 34 38 31
3 34 38 31
4 34 38 31
5 34 38 31
6 34 38 31
7 34 38 31
8 34 38 31
9 34 38 31
10 34 38 31
11 34 38 31
12 34 38 31
13 34 38 31
14 34 38 31
15 34 38 31
16 34 38 31
17 34 38 31
18 34 38 31
19 34 38 31
20 34 38 31
21 34 38 31
22 34 38 31
23 34 38 31
24 34 38 31
25 34 38 31
26 34 38 31
27 34 38 31
28 34 38 31
29 34 38 31
30 34 38 31
31 34 38 31
32 34 38 31
33 34 38 31
34 34 38 31
35 34 38 31
36 34 38 31
37 34 38 31
38 34 38 31
39 34 38 31
40 34 38 31
41 34 38 31
42 34 38 31
43 34 38 31
44 34 38 31
45 34 38 31
46 34 38 31
47 34 38 31
48 34 38 31
49 34 38 31
50 34 38 31
51 34 38 31
52 34 38 31
53 34 38 31
54 34 38 31
55 34 38 31
56 34 38 31
57 34 38 31
58 34 38 31
59 34 38 31
60 34 38 31
61 34 38 31
62 34 38 31
63 34 38 31
64 34 38 31
65 34 38 31
