0 31 14 88
1 31 14 88
2 31 14 88
3 31 14 88
4 31 14 88
5 31 14 88
6 31 14 88
7 31 14 88
8 31 14 88
9 31 14 88
10 31 14 88
11 31 14 88
12 31 14 88
13 31 14 88
14 31 14 88
15 31 14 88
16 31 14 88
17 31 14 88
18 31 14 88
19 31 14 88
20 31 14 88
21 31 14 88
22 31 14 88
23 31 14 88
24 31 14 88
25 31 14 88
26 31 14 88
27 31 14 88
28 31 14 88
29 31 14 88
30 31 14 88
31 31 14 88
32 31 14 88
33 31 14 88
34 31 14 88
35 31 14 88
36 31 14 88
37 31 14 88
38 31 14 88
39 31 14 88
40 31 14 88
41 31 14 88
42 31 14 88
43 31 14 88
44 31 14 88
45 31 14 88
46 31 14 88
47 31 14 88
48 31 14 88
49 31 14 88
50 31 14 88
51 31 14 88
52 31 14 88
53 31 14 88
54 31 14 88
55 31 14 88
56 31 14 88
57 31 14 88
58 31 14 88
59 31 14 88
60 31 14 88
61 31 14 88
62 31 14 88
63 31 14 88
64 31 14 88
65 31 14 88
