0 20 32 39
1 20 32 39
2 20 32 39
3 20 32 39
4 20 32 39
5 20 32 39
6 20 32 39
7 20 32 39
8 20 32 39
9 20 32 39
10 20 32 39
11 20 32 39
12 20 32 39
13 20 32 39
14 20 32 39
15 20 32 39
16 20 32 39
17 20 32 39
18 20 32 39
19 20 32 39
20 20 32 39
21 20 32 39
22 20 32 39
23 20 32 39
24 20 32 39
25 20 32 39
26 20 32 39
27 20 32 39
28 20 32 39
29 20 32 39
30 20 32 39
31 20 32 39
32 20 32 39
33 20 32 39
34 20 32 39
35 20 32 39
36 20 32 39
37 20 32 39
38 20 32 39
39 20 32 39
40 20 32 39
41 20 32 39
42 20 32 39
43 20 32 39
44 20 32 39
45 20 32 39
46 20 32 39
47 20 32 39
48 20 32 39
49 20 32 39
50 20 32 39
51 20 32 39
52 20 32 39
53 20 32 39
54 20 32 39
55 20 32 39
56 20 32 39
57 20 32 39
58 20 32 39
59 20 32 39
60 20 32 39
61 20 32 39
62 20 32 39
63 20 32 39
64 20 32 39
65 20 32 39
