0 36 28 95
1 36 28 95
2 36 28 95
3 36 28 95
4 36 28 95
5 36 28 95
6 36 28 95
7 36 28 95
8 36 28 95
9 36 28 95
10 36 28 95
11 36 28 95
12 36 28 95
13 36 28 95
14 36 28 95
15 36 28 95
16 36 28 95
17 36 28 95
18 36 28 95
19 36 28 95
20 36 28 95
21 36 28 95
22 36 28 95
23 36 28 95
24 36 28 95
25 36 28 95
26 36 28 95
27 36 28 95
28 36 28 95
29 36 28 95
30 36 28 95
31 36 28 95
32 36 28 95
33 36 28 95
34 36 28 95
35 36 28 95
36 36 28 95
37 36 28 95
38 36 28 95
39 36 28 95
40 36 28 95
41 36 28 95
42 36 28 95
43 36 28 95
44 36 28 95
45 36 28 95
46 36 28 95
47 36 28 95
48 36 28 95
49 36 28 95
50 36 28 95
51 36 28 95
52 36 28 95
53 36 28 95
54 36 28 95
55 36 28 95
56 36 28 95
57 36 28 95
58 36 28 95
59 36 28 95
60 36 28 95
61 36 28 95
62 36 28 95
63 36 28 95
64 36 28 95
65 36 28 95
