0 25 16 61
1 25 16 61
2 25 16 61
3 25 16 61
4 25 16 61
5 25 16 61
6 25 16 61
7 25 16 61
8 25 16 61
9 25 16 61
10 25 16 61
11 25 16 61
12 25 16 61
13 25 16 61
14 25 16 61
15 25 16 61
16 25 16 61
17 25 16 61
18 25 16 61
19 25 16 61
20 25 16 61
21 25 16 61
22 25 16 61
23 25 16 61
24 25 16 61
25 25 16 61
26 25 16 61
27 25 16 61
28 25 16 61
29 25 16 61
30 25 16 61
31 25 16 61
32 25 16 61
33 25 16 61
34 25 16 61
35 25 16 61
36 25 16 61
37 25 16 61
38 25 16 61
39 25 16 61
40 25 16 61
41 25 16 61
42 25 16 61
43 25 16 61
44 25 16 61
45 25 16 61
46 25 16 61
47 25 16 61
48 25 16 61
49 25 16 61
50 25 16 61
51 25 16 61
52 25 16 61
53 25 16 61
54 25 16 61
55 25 16 61
56 25 16 61
57 25 16 61
58 25 16 61
59 25 16 61
60 25 16 61
61 25 16 61
62 25 16 61
63 25 16 61
64 25 16 61
65 25 16 61
