0 17 31 67
1 17 31 67
2 17 31 67
3 17 31 67
4 17 31 67
5 17 31 67
6 17 31 67
7 17 31 67
8 17 31 67
9 17 31 67
10 17 31 67
11 17 31 67
12 17 31 67
13 17 31 67
14 17 31 67
15 17 31 67
16 17 31 67
17 17 31 67
18 17 31 67
19 17 31 67
20 17 31 67
21 17 31 67
22 17 31 67
23 17 31 67
24 17 31 67
25 17 31 67
26 17 31 67
27 17 31 67
28 17 31 67
29 17 31 67
30 17 31 67
31 17 31 67
32 17 31 67
33 17 31 67
34 17 31 67
35 17 31 67
36 17 31 67
37 17 31 67
38 17 31 67
39 17 31 67
40 17 31 67
41 17 31 67
42 17 31 67
43 17 31 67
44 17 31 67
45 17 31 67
46 17 31 67
47 17 31 67
48 17 31 67
49 17 31 67
50 17 31 67
51 17 31 67
52 17 31 67
53 17 31 67
54 17 31 67
55 17 31 67
56 17 31 67
57 17 31 67
58 17 31 67
59 17 31 67
60 17 31 67
61 17 31 67
62 17 31 67
63 17 31 67
64 17 31 67
65 17 31 67
