0.0 24.71 13.00 13.49
1.0 24.60 8.37 12.94
2.0 20.75 5.31 14.34
3.0 21.42 2.56 14.04
4.0 20.53 6.27 13.43
5.0 21.08 5.28 13.14
6.0 25.71 5.25 11.97
7.0 30.52 9.12 11.73
8.0 33.84 7.11 10.54
9.0 36.41 9.71 10.18
10.0 34.66 12.04 10.05
11.0 38.05 14.38 11.05
12.0 35.37 16.38 9.57
13.0 33.44 18.13 11.43
14.0 32.55 13.48 10.67
15.0 34.53 9.28 12.59
16.0 34.83 6.68 13.41
17.0 37.53 5.43 11.58
18.0 40.65 1.38 11.04
19.0 37.56 0.00 10.21
20.0 33.16 4.42 9.72
21.0 35.07 1.57 7.85
22.0 35.39 0.00 5.93
23.0 35.78 0.00 6.69
24.0 35.43 3.54 6.32
25.0 32.81 7.37 5.67
26.0 34.92 2.99 4.12
27.0 32.99 0.00 4.85
28.0 29.25 0.00 3.91
29.0 26.17 3.97 2.72
30.0 24.97 6.78 1.45
31.0 27.43 6.28 0.44
32.0 30.95 2.98 0.00
33.0 31.76 4.99 0.00
34.0 36.49 5.81 0.00
35.0 33.91 0.84 0.00
36.0 38.23 0.00 1.54
37.0 34.97 0.00 2.76
38.0 36.53 0.00 2.06
39.0 31.92 0.00 3.73
40.0 27.52 1.44 2.84
41.0 29.41 1.71 3.20
42.0 26.38 5.01 2.18
43.0 26.43 5.03 3.29
44.0 23.13 2.07 3.71
45.0 20.75 4.55 5.43
46.0 23.47 7.16 7.38
47.0 28.35 5.10 5.58
48.0 28.60 5.05 4.36
49.0 29.11 0.50 3.77
50.0 27.06 4.42 3.63
51.0 28.77 5.41 4.78
52.0 32.29 9.32 4.43
53.0 31.19 10.65 4.79
54.0 32.23 7.03 4.59
55.0 31.22 5.87 3.93
56.0 28.39 2.50 4.33
57.0 24.72 1.54 5.79
58.0 28.26 0.00 7.39
59.0 31.78 0.00 5.85
60.0 29.12 0.00 4.50
