0 45 10 11
1 45 10 11
2 45 10 11
3 45 10 11
4 45 10 11
5 45 10 11
6 45 10 11
7 45 10 11
8 45 10 11
9 45 10 11
10 45 10 11
11 45 10 11
12 45 10 11
13 45 10 11
14 45 10 11
15 45 10 11
16 45 10 11
17 45 10 11
18 45 10 11
19 45 10 11
20 45 10 11
21 45 10 11
22 45 10 11
23 45 10 11
24 45 10 11
25 45 10 11
26 45 10 11
27 45 10 11
28 45 10 11
29 45 10 11
30 45 10 11
31 45 10 11
32 45 10 11
33 45 10 11
34 45 10 11
35 45 10 11
36 45 10 11
37 45 10 11
38 45 10 11
39 45 10 11
40 45 10 11
41 45 10 11
42 45 10 11
43 45 10 11
44 45 10 11
45 45 10 11
46 45 10 11
47 45 10 11
48 45 10 11
49 45 10 11
50 45 10 11
51 45 10 11
52 45 10 11
53 45 10 11
54 45 10 11
55 45 10 11
56 45 10 11
57 45 10 11
58 45 10 11
59 45 10 11
60 45 10 11
61 45 10 11
62 45 10 11
63 45 10 11
64 45 10 11
65 45 10 11
