0 37 37 91
1 37 37 91
2 37 37 91
3 37 37 91
4 37 37 91
5 37 37 91
6 37 37 91
7 37 37 91
8 37 37 91
9 37 37 91
10 37 37 91
11 37 37 91
12 37 37 91
13 37 37 91
14 37 37 91
15 37 37 91
16 37 37 91
17 37 37 91
18 37 37 91
19 37 37 91
20 37 37 91
21 37 37 91
22 37 37 91
23 37 37 91
24 37 37 91
25 37 37 91
26 37 37 91
27 37 37 91
28 37 37 91
29 37 37 91
30 37 37 91
31 37 37 91
32 37 37 91
33 37 37 91
34 37 37 91
35 37 37 91
36 37 37 91
37 37 37 91
38 37 37 91
39 37 37 91
40 37 37 91
41 37 37 91
42 37 37 91
43 37 37 91
44 37 37 91
45 37 37 91
46 37 37 91
47 37 37 91
48 37 37 91
49 37 37 91
50 37 37 91
51 37 37 91
52 37 37 91
53 37 37 91
54 37 37 91
55 37 37 91
56 37 37 91
57 37 37 91
58 37 37 91
59 37 37 91
60 37 37 91
61 37 37 91
62 37 37 91
63 37 37 91
64 37 37 91
65 37 37 91
