0 24 17 67
1 24 17 67
2 24 17 67
3 24 17 67
4 24 17 67
5 24 17 67
6 24 17 67
7 24 17 67
8 24 17 67
9 24 17 67
10 24 17 67
11 24 17 67
12 24 17 67
13 24 17 67
14 24 17 67
15 24 17 67
16 24 17 67
17 24 17 67
18 24 17 67
19 24 17 67
20 24 17 67
21 24 17 67
22 24 17 67
23 24 17 67
24 24 17 67
25 24 17 67
26 24 17 67
27 24 17 67
28 24 17 67
29 24 17 67
30 24 17 67
31 24 17 67
32 24 17 67
33 24 17 67
34 24 17 67
35 24 17 67
36 24 17 67
37 24 17 67
38 24 17 67
39 24 17 67
40 24 17 67
41 24 17 67
42 24 17 67
43 24 17 67
44 24 17 67
45 24 17 67
46 24 17 67
47 24 17 67
48 24 17 67
49 24 17 67
50 24 17 67
51 24 17 67
52 24 17 67
53 24 17 67
54 24 17 67
55 24 17 67
56 24 17 67
57 24 17 67
58 24 17 67
59 24 17 67
60 24 17 67
61 24 17 67
62 24 17 67
63 24 17 67
64 24 17 67
65 24 17 67
