0 43 28 31
1 43 28 31
2 43 28 31
3 43 28 31
4 43 28 31
5 43 28 31
6 43 28 31
7 43 28 31
8 43 28 31
9 43 28 31
10 43 28 31
11 43 28 31
12 43 28 31
13 43 28 31
14 43 28 31
15 43 28 31
16 43 28 31
17 43 28 31
18 43 28 31
19 43 28 31
20 43 28 31
21 43 28 31
22 43 28 31
23 43 28 31
24 43 28 31
25 43 28 31
26 43 28 31
27 43 28 31
28 43 28 31
29 43 28 31
30 43 28 31
31 43 28 31
32 43 28 31
33 43 28 31
34 43 28 31
35 43 28 31
36 43 28 31
37 43 28 31
38 43 28 31
39 43 28 31
40 43 28 31
41 43 28 31
42 43 28 31
43 43 28 31
44 43 28 31
45 43 28 31
46 43 28 31
47 43 28 31
48 43 28 31
49 43 28 31
50 43 28 31
51 43 28 31
52 43 28 31
53 43 28 31
54 43 28 31
55 43 28 31
56 43 28 31
57 43 28 31
58 43 28 31
59 43 28 31
60 43 28 31
61 43 28 31
62 43 28 31
63 43 28 31
64 43 28 31
65 43 28 31
