0 16 30 61
1 16 30 61
2 16 30 61
3 16 30 61
4 16 30 61
5 16 30 61
6 16 30 61
7 16 30 61
8 16 30 61
9 16 30 61
10 16 30 61
11 16 30 61
12 16 30 61
13 16 30 61
14 16 30 61
15 16 30 61
16 16 30 61
17 16 30 61
18 16 30 61
19 16 30 61
20 16 30 61
21 16 30 61
22 16 30 61
23 16 30 61
24 16 30 61
25 16 30 61
26 16 30 61
27 16 30 61
28 16 30 61
29 16 30 61
30 16 30 61
31 16 30 61
32 16 30 61
33 16 30 61
34 16 30 61
35 16 30 61
36 16 30 61
37 16 30 61
38 16 30 61
39 16 30 61
40 16 30 61
41 16 30 61
42 16 30 61
43 16 30 61
44 16 30 61
45 16 30 61
46 16 30 61
47 16 30 61
48 16 30 61
49 16 30 61
50 16 30 61
51 16 30 61
52 16 30 61
53 16 30 61
54 16 30 61
55 16 30 61
56 16 30 61
57 16 30 61
58 16 30 61
59 16 30 61
60 16 30 61
61 16 30 61
62 16 30 61
63 16 30 61
64 16 30 61
65 16 30 61
