0 7 23 6
1 7 23 6
2 7 23 6
3 7 23 6
4 7 23 6
5 7 23 6
6 7 23 6
7 7 23 6
8 7 23 6
9 7 23 6
10 7 23 6
11 7 23 6
12 7 23 6
13 7 23 6
14 7 23 6
15 7 23 6
16 7 23 6
17 7 23 6
18 7 23 6
19 7 23 6
20 7 23 6
21 7 23 6
22 7 23 6
23 7 23 6
24 7 23 6
25 7 23 6
26 7 23 6
27 7 23 6
28 7 23 6
29 7 23 6
30 7 23 6
31 7 23 6
32 7 23 6
33 7 23 6
34 7 23 6
35 7 23 6
36 7 23 6
37 7 23 6
38 7 23 6
39 7 23 6
40 7 23 6
41 7 23 6
42 7 23 6
43 7 23 6
44 7 23 6
45 7 23 6
46 7 23 6
47 7 23 6
48 7 23 6
49 7 23 6
50 7 23 6
51 7 23 6
52 7 23 6
53 7 23 6
54 7 23 6
55 7 23 6
56 7 23 6
57 7 23 6
58 7 23 6
59 7 23 6
60 7 23 6
61 7 23 6
62 7 23 6
63 7 23 6
64 7 23 6
65 7 23 6
