0 31 38 67
1 31 38 67
2 31 38 67
3 31 38 67
4 31 38 67
5 31 38 67
6 31 38 67
7 31 38 67
8 31 38 67
9 31 38 67
10 31 38 67
11 31 38 67
12 31 38 67
13 31 38 67
14 31 38 67
15 31 38 67
16 31 38 67
17 31 38 67
18 31 38 67
19 31 38 67
20 31 38 67
21 31 38 67
22 31 38 67
23 31 38 67
24 31 38 67
25 31 38 67
26 31 38 67
27 31 38 67
28 31 38 67
29 31 38 67
30 31 38 67
31 31 38 67
32 31 38 67
33 31 38 67
34 31 38 67
35 31 38 67
36 31 38 67
37 31 38 67
38 31 38 67
39 31 38 67
40 31 38 67
41 31 38 67
42 31 38 67
43 31 38 67
44 31 38 67
45 31 38 67
46 31 38 67
47 31 38 67
48 31 38 67
49 31 38 67
50 31 38 67
51 31 38 67
52 31 38 67
53 31 38 67
54 31 38 67
55 31 38 67
56 31 38 67
57 31 38 67
58 31 38 67
59 31 38 67
60 31 38 67
61 31 38 67
62 31 38 67
63 31 38 67
64 31 38 67
65 31 38 67
