0 23 36 35
1 23 36 35
2 23 36 35
3 23 36 35
4 23 36 35
5 23 36 35
6 23 36 35
7 23 36 35
8 23 36 35
9 23 36 35
10 23 36 35
11 23 36 35
12 23 36 35
13 23 36 35
14 23 36 35
15 23 36 35
16 23 36 35
17 23 36 35
18 23 36 35
19 23 36 35
20 23 36 35
21 23 36 35
22 23 36 35
23 23 36 35
24 23 36 35
25 23 36 35
26 23 36 35
27 23 36 35
28 23 36 35
29 23 36 35
30 23 36 35
31 23 36 35
32 23 36 35
33 23 36 35
34 23 36 35
35 23 36 35
36 23 36 35
37 23 36 35
38 23 36 35
39 23 36 35
40 23 36 35
41 23 36 35
42 23 36 35
43 23 36 35
44 23 36 35
45 23 36 35
46 23 36 35
47 23 36 35
48 23 36 35
49 23 36 35
50 23 36 35
51 23 36 35
52 23 36 35
53 23 36 35
54 23 36 35
55 23 36 35
56 23 36 35
57 23 36 35
58 23 36 35
59 23 36 35
60 23 36 35
61 23 36 35
62 23 36 35
63 23 36 35
64 23 36 35
65 23 36 35
