0 28 12 31
1 28 12 31
2 28 12 31
3 28 12 31
4 28 12 31
5 28 12 31
6 28 12 31
7 28 12 31
8 28 12 31
9 28 12 31
10 28 12 31
11 28 12 31
12 28 12 31
13 28 12 31
14 28 12 31
15 28 12 31
16 28 12 31
17 28 12 31
18 28 12 31
19 28 12 31
20 28 12 31
21 28 12 31
22 28 12 31
23 28 12 31
24 28 12 31
25 28 12 31
26 28 12 31
27 28 12 31
28 28 12 31
29 28 12 31
30 28 12 31
31 28 12 31
32 28 12 31
33 28 12 31
34 28 12 31
35 28 12 31
36 28 12 31
37 28 12 31
38 28 12 31
39 28 12 31
40 28 12 31
41 28 12 31
42 28 12 31
43 28 12 31
44 28 12 31
45 28 12 31
46 28 12 31
47 28 12 31
48 28 12 31
49 28 12 31
50 28 12 31
51 28 12 31
52 28 12 31
53 28 12 31
54 28 12 31
55 28 12 31
56 28 12 31
57 28 12 31
58 28 12 31
59 28 12 31
60 28 12 31
61 28 12 31
62 28 12 31
63 28 12 31
64 28 12 31
65 28 12 31
