0 16 35 88
1 16 35 88
2 16 35 88
3 16 35 88
4 16 35 88
5 16 35 88
6 16 35 88
7 16 35 88
8 16 35 88
9 16 35 88
10 16 35 88
11 16 35 88
12 16 35 88
13 16 35 88
14 16 35 88
15 16 35 88
16 16 35 88
17 16 35 88
18 16 35 88
19 16 35 88
20 16 35 88
21 16 35 88
22 16 35 88
23 16 35 88
24 16 35 88
25 16 35 88
26 16 35 88
27 16 35 88
28 16 35 88
29 16 35 88
30 16 35 88
31 16 35 88
32 16 35 88
33 16 35 88
34 16 35 88
35 16 35 88
36 16 35 88
37 16 35 88
38 16 35 88
39 16 35 88
40 16 35 88
41 16 35 88
42 16 35 88
43 16 35 88
44 16 35 88
45 16 35 88
46 16 35 88
47 16 35 88
48 16 35 88
49 16 35 88
50 16 35 88
51 16 35 88
52 16 35 88
53 16 35 88
54 16 35 88
55 16 35 88
56 16 35 88
57 16 35 88
58 16 35 88
59 16 35 88
60 16 35 88
61 16 35 88
62 16 35 88
63 16 35 88
64 16 35 88
65 16 35 88
