0 31 19 3
1 31 19 3
2 31 19 3
3 31 19 3
4 31 19 3
5 31 19 3
6 31 19 3
7 31 19 3
8 31 19 3
9 31 19 3
10 31 19 3
11 31 19 3
12 31 19 3
13 31 19 3
14 31 19 3
15 31 19 3
16 31 19 3
17 31 19 3
18 31 19 3
19 31 19 3
20 31 19 3
21 31 19 3
22 31 19 3
23 31 19 3
24 31 19 3
25 31 19 3
26 31 19 3
27 31 19 3
28 31 19 3
29 31 19 3
30 31 19 3
31 31 19 3
32 31 19 3
33 31 19 3
34 31 19 3
35 31 19 3
36 31 19 3
37 31 19 3
38 31 19 3
39 31 19 3
40 31 19 3
41 31 19 3
42 31 19 3
43 31 19 3
44 31 19 3
45 31 19 3
46 31 19 3
47 31 19 3
48 31 19 3
49 31 19 3
50 31 19 3
51 31 19 3
52 31 19 3
53 31 19 3
54 31 19 3
55 31 19 3
56 31 19 3
57 31 19 3
58 31 19 3
59 31 19 3
60 31 19 3
61 31 19 3
62 31 19 3
63 31 19 3
64 31 19 3
65 31 19 3
