0 22 22 70
1 22 22 70
2 22 22 70
3 22 22 70
4 22 22 70
5 22 22 70
6 22 22 70
7 22 22 70
8 22 22 70
9 22 22 70
10 22 22 70
11 22 22 70
12 22 22 70
13 22 22 70
14 22 22 70
15 22 22 70
16 22 22 70
17 22 22 70
18 22 22 70
19 22 22 70
20 22 22 70
21 22 22 70
22 22 22 70
23 22 22 70
24 22 22 70
25 22 22 70
26 22 22 70
27 22 22 70
28 22 22 70
29 22 22 70
30 22 22 70
31 22 22 70
32 22 22 70
33 22 22 70
34 22 22 70
35 22 22 70
36 22 22 70
37 22 22 70
38 22 22 70
39 22 22 70
40 22 22 70
41 22 22 70
42 22 22 70
43 22 22 70
44 22 22 70
45 22 22 70
46 22 22 70
47 22 22 70
48 22 22 70
49 22 22 70
50 22 22 70
51 22 22 70
52 22 22 70
53 22 22 70
54 22 22 70
55 22 22 70
56 22 22 70
57 22 22 70
58 22 22 70
59 22 22 70
60 22 22 70
61 22 22 70
62 22 22 70
63 22 22 70
64 22 22 70
65 22 22 70
