0.0 59.95 63.91 19.28
1.0 64.92 65.31 18.17
2.0 67.17 66.13 18.52
3.0 68.90 62.21 16.87
4.0 65.24 57.30 15.85
5.0 65.12 60.69 14.85
6.0 60.84 64.67 13.91
7.0 62.53 68.83 14.00
8.0 67.20 69.42 15.08
9.0 70.88 74.27 15.74
10.0 72.66 78.43 16.67
11.0 74.50 80.29 15.94
12.0 79.14 84.58 15.51
13.0 75.11 87.45 16.50
14.0 76.72 91.37 15.63
15.0 81.59 87.95 15.81
16.0 81.16 85.54 14.64
17.0 79.94 82.36 13.01
18.0 79.13 81.43 12.25
19.0 83.31 82.79 12.19
20.0 81.88 82.88 11.74
21.0 83.18 80.61 10.69
22.0 83.84 78.88 11.84
23.0 83.10 76.32 11.74
24.0 80.44 72.52 11.33
25.0 83.56 70.44 10.12
26.0 82.45 71.94 8.27
27.0 77.85 67.31 6.40
28.0 74.92 71.04 5.83
29.0 74.70 73.10 4.23
30.0 74.16 68.65 2.55
31.0 71.98 66.24 4.02
32.0 68.62 63.98 2.51
33.0 64.44 61.52 3.05
34.0 59.72 58.38 2.59
35.0 62.41 59.29 3.53
36.0 64.59 59.26 1.69
37.0 62.33 58.03 0.00
38.0 64.63 56.22 0.00
39.0 69.12 57.17 1.49
40.0 72.48 59.06 0.51
41.0 68.00 62.93 1.53
42.0 68.00 59.58 3.39
43.0 72.61 56.59 2.62
44.0 69.59 57.27 1.85
45.0 64.98 55.49 1.83
46.0 62.53 52.08 1.73
47.0 65.27 50.18 0.92
48.0 64.11 54.03 1.95
49.0 64.78 57.59 0.33
50.0 60.45 55.97 0.67
51.0 60.30 55.20 1.96
52.0 56.23 54.30 2.56
53.0 56.16 51.83 3.55
54.0 55.11 52.60 4.14
55.0 52.65 54.73 2.79
56.0 52.91 55.83 4.20
57.0 57.14 55.06 2.83
58.0 61.52 58.32 2.95
59.0 60.96 58.82 3.20
60.0 56.86 61.08 1.81
