0.0 24.62 58.23 11.57
1.0 21.60 54.76 10.52
2.0 21.48 59.65 8.64
3.0 18.45 62.15 9.08
4.0 19.11 66.67 8.79
5.0 19.16 71.08 9.51
6.0 22.15 72.85 11.35
7.0 19.54 69.18 12.33
8.0 17.31 64.84 11.71
9.0 15.70 69.17 12.18
10.0 12.92 68.20 10.19
11.0 14.06 64.58 11.86
12.0 19.03 64.11 13.08
13.0 19.26 66.96 12.71
14.0 23.45 62.37 11.87
15.0 22.85 64.67 10.82
16.0 27.14 67.46 9.92
17.0 31.58 63.30 9.36
18.0 36.06 59.02 8.75
19.0 40.76 58.69 9.12
20.0 41.61 63.32 9.98
21.0 44.38 62.86 10.64
22.0 49.06 62.33 9.56
23.0 52.47 65.84 9.07
24.0 50.75 61.82 8.06
25.0 55.07 61.03 8.91
26.0 52.80 57.52 10.24
27.0 55.21 54.33 10.29
28.0 55.80 50.48 12.10
29.0 57.89 52.42 12.67
30.0 53.92 49.01 11.69
31.0 57.18 48.68 10.79
32.0 60.52 48.34 11.71
33.0 64.82 46.08 11.65
34.0 64.26 49.31 11.99
35.0 65.88 53.05 13.60
36.0 69.33 57.62 14.34
37.0 68.18 61.70 13.64
38.0 65.44 58.22 13.69
39.0 62.46 61.22 11.85
40.0 62.90 65.16 12.70
41.0 63.44 65.41 13.84
42.0 64.76 67.64 13.49
43.0 66.30 66.18 11.57
44.0 70.49 63.10 10.74
45.0 66.77 64.58 9.68
46.0 65.72 63.29 9.70
47.0 66.90 59.41 7.74
48.0 62.29 58.50 6.64
49.0 63.57 59.97 6.47
50.0 65.83 63.88 6.57
51.0 63.98 66.18 7.40
52.0 66.60 62.72 5.42
53.0 65.79 57.99 6.19
54.0 64.33 62.25 6.23
55.0 60.68 63.46 4.59
56.0 61.05 60.84 3.49
57.0 60.01 56.96 3.53
58.0 56.89 56.81 4.37
59.0 52.69 61.54 3.21
60.0 55.09 61.02 2.52
