0 15 31 31
1 15 31 31
2 15 31 31
3 15 31 31
4 15 31 31
5 15 31 31
6 15 31 31
7 15 31 31
8 15 31 31
9 15 31 31
10 15 31 31
11 15 31 31
12 15 31 31
13 15 31 31
14 15 31 31
15 15 31 31
16 15 31 31
17 15 31 31
18 15 31 31
19 15 31 31
20 15 31 31
21 15 31 31
22 15 31 31
23 15 31 31
24 15 31 31
25 15 31 31
26 15 31 31
27 15 31 31
28 15 31 31
29 15 31 31
30 15 31 31
31 15 31 31
32 15 31 31
33 15 31 31
34 15 31 31
35 15 31 31
36 15 31 31
37 15 31 31
38 15 31 31
39 15 31 31
40 15 31 31
41 15 31 31
42 15 31 31
43 15 31 31
44 15 31 31
45 15 31 31
46 15 31 31
47 15 31 31
48 15 31 31
49 15 31 31
50 15 31 31
51 15 31 31
52 15 31 31
53 15 31 31
54 15 31 31
55 15 31 31
56 15 31 31
57 15 31 31
58 15 31 31
59 15 31 31
60 15 31 31
61 15 31 31
62 15 31 31
63 15 31 31
64 15 31 31
65 15 31 31
