0 19 19 31
1 19 19 31
2 19 19 31
3 19 19 31
4 19 19 31
5 19 19 31
6 19 19 31
7 19 19 31
8 19 19 31
9 19 19 31
10 19 19 31
11 19 19 31
12 19 19 31
13 19 19 31
14 19 19 31
15 19 19 31
16 19 19 31
17 19 19 31
18 19 19 31
19 19 19 31
20 19 19 31
21 19 19 31
22 19 19 31
23 19 19 31
24 19 19 31
25 19 19 31
26 19 19 31
27 19 19 31
28 19 19 31
29 19 19 31
30 19 19 31
31 19 19 31
32 19 19 31
33 19 19 31
34 19 19 31
35 19 19 31
36 19 19 31
37 19 19 31
38 19 19 31
39 19 19 31
40 19 19 31
41 19 19 31
42 19 19 31
43 19 19 31
44 19 19 31
45 19 19 31
46 19 19 31
47 19 19 31
48 19 19 31
49 19 19 31
50 19 19 31
51 19 19 31
52 19 19 31
53 19 19 31
54 19 19 31
55 19 19 31
56 19 19 31
57 19 19 31
58 19 19 31
59 19 19 31
60 19 19 31
61 19 19 31
62 19 19 31
63 19 19 31
64 19 19 31
65 19 19 31
