0 37 45 3
1 37 45 3
2 37 45 3
3 37 45 3
4 37 45 3
5 37 45 3
6 37 45 3
7 37 45 3
8 37 45 3
9 37 45 3
10 37 45 3
11 37 45 3
12 37 45 3
13 37 45 3
14 37 45 3
15 37 45 3
16 37 45 3
17 37 45 3
18 37 45 3
19 37 45 3
20 37 45 3
21 37 45 3
22 37 45 3
23 37 45 3
24 37 45 3
25 37 45 3
26 37 45 3
27 37 45 3
28 37 45 3
29 37 45 3
30 37 45 3
31 37 45 3
32 37 45 3
33 37 45 3
34 37 45 3
35 37 45 3
36 37 45 3
37 37 45 3
38 37 45 3
39 37 45 3
40 37 45 3
41 37 45 3
42 37 45 3
43 37 45 3
44 37 45 3
45 37 45 3
46 37 45 3
47 37 45 3
48 37 45 3
49 37 45 3
50 37 45 3
51 37 45 3
52 37 45 3
53 37 45 3
54 37 45 3
55 37 45 3
56 37 45 3
57 37 45 3
58 37 45 3
59 37 45 3
60 37 45 3
61 37 45 3
62 37 45 3
63 37 45 3
64 37 45 3
65 37 45 3
