0 36 13 31
1 36 13 31
2 36 13 31
3 36 13 31
4 36 13 31
5 36 13 31
6 36 13 31
7 36 13 31
8 36 13 31
9 36 13 31
10 36 13 31
11 36 13 31
12 36 13 31
13 36 13 31
14 36 13 31
15 36 13 31
16 36 13 31
17 36 13 31
18 36 13 31
19 36 13 31
20 36 13 31
21 36 13 31
22 36 13 31
23 36 13 31
24 36 13 31
25 36 13 31
26 36 13 31
27 36 13 31
28 36 13 31
29 36 13 31
30 36 13 31
31 36 13 31
32 36 13 31
33 36 13 31
34 36 13 31
35 36 13 31
36 36 13 31
37 36 13 31
38 36 13 31
39 36 13 31
40 36 13 31
41 36 13 31
42 36 13 31
43 36 13 31
44 36 13 31
45 36 13 31
46 36 13 31
47 36 13 31
48 36 13 31
49 36 13 31
50 36 13 31
51 36 13 31
52 36 13 31
53 36 13 31
54 36 13 31
55 36 13 31
56 36 13 31
57 36 13 31
58 36 13 31
59 36 13 31
60 36 13 31
61 36 13 31
62 36 13 31
63 36 13 31
64 36 13 31
65 36 13 31
